4.548567213715373758e-02
4.441635215458342167e-02
3.601916067259406523e-02
4.518291903346816074e-02
3.270756179478118142e-02
3.337935926731096237e-02
3.522045956871705519e-02
2.777311274201973643e-02
2.633383450346892321e-02
2.478872790670390638e-02
2.718237701189704647e-02
3.041730745492008878e-02
2.167137774346263382e-02
1.618736813852925116e-02
1.913929487571376306e-02
1.369840563167468682e-02
1.337159920973124590e-02
1.487206069202965525e-02
6.995122174588214864e-03
7.124497240246768261e-03
2.287494126356975389e-03
2.248785965482168279e-03
1.258583814922427250e-03
-9.232572342269050429e-04
1.279491059396780468e-03
-7.085520925578038575e-04
-3.770127119598525381e-04
-2.423413878916263683e-03
-3.517174801790099239e-03
-1.034080402699358607e-04
1.082652178103314135e-03
8.838179971772757576e-03
-4.908255535526572996e-03
4.373678190468479514e-04
2.745583782690044078e-03
5.315733501878517481e-03
2.348577581488620839e-03
-2.079905386121621604e-03
1.984650891971881902e-03
3.879199958089443994e-03
-9.044983520926467039e-04
4.082829440854149686e-03
-3.222592487501797429e-03
5.822650745039983228e-03
5.392757030197300148e-03
5.478238140239598004e-04
2.269005777406981825e-03
3.473146914033543604e-03
5.792360636711069155e-05
2.195052451312521930e-03
4.488373059451579439e-03
7.997839550096517459e-05
2.748534238607874304e-05
1.071083661720477476e-03
2.953177746634045794e-03
6.069872030310171501e-03
1.139286971032716245e-03
5.604004321279517850e-03
5.988334104601654266e-03
1.243903465203192137e-03
7.236171375759953978e-03
9.942711953382676535e-03
1.222140782623376727e-02
1.546898274307079678e-02
1.068391765000660867e-02
1.941780228751795526e-02
1.987688558095399710e-02
2.037203085222883195e-02
2.917840305912413820e-02
3.283731286483733414e-02
3.178300761437666266e-02
3.946277502650592794e-02
3.906336646781201349e-02
4.375888187299954712e-02
4.368584776910822143e-02
5.519293748492819229e-02
4.592964455177834388e-02
5.709973073256802145e-02
6.291613150061145521e-02
5.817043896118898050e-02
6.710175929953615670e-02
7.079968860102681116e-02
7.683259581169360475e-02
8.138874089839170933e-02
7.966817463945924382e-02
7.990175455447517949e-02
9.126288846760326201e-02
9.385955668414282249e-02
9.305278993172762247e-02
1.010891110089888606e-01
1.066157422561692381e-01
1.124467714644153266e-01
1.165157167720305836e-01
1.251795433337692109e-01
1.207181843965301066e-01
1.339436732748455483e-01
1.367729026468503528e-01
1.397289129880411596e-01
1.485927908207784476e-01
1.426682102271591424e-01
