-6.807870539219028306e-04
2.667192103821405553e-03
2.111110744217230620e-04
1.672465594927405319e-02
1.269423219275725781e-02
2.262425150926568665e-02
3.424750139506917840e-02
3.681951746818518806e-02
4.522175030424387815e-02
5.340478862673730259e-02
6.533634390033082884e-02
7.791497753665603543e-02
7.827497898773697060e-02
8.167824852092875343e-02
9.330427719273703957e-02
9.632953872348495872e-02
1.043049347478265249e-01
1.139662002882393665e-01
1.141039817094278569e-01
1.221415490183895419e-01
1.251334308345662116e-01
1.328530394514488566e-01
1.395437555970417132e-01
1.411483732306443584e-01
1.483294569062584556e-01
1.537597322391967558e-01
1.575706909183723914e-01
1.608316071978248829e-01
1.649206947475231888e-01
1.733747286336801419e-01
1.775746794391722949e-01
1.895294232206146123e-01
1.799188381651143642e-01
1.919093174522038536e-01
1.970045206322582065e-01
2.042893443301305179e-01
2.060113593361303508e-01
2.062391163204310707e-01
2.130292703660303932e-01
2.189073345372138935e-01
2.205918997390164116e-01
2.280907534047380003e-01
2.244038733890251491e-01
2.394131643277039312e-01
2.428128565146363271e-01
2.415723278404947327e-01
2.485423631337312644e-01
2.509363496048290232e-01
2.523800419035159281e-01
2.591833712643344390e-01
2.659706360496440491e-01
2.658766230547086051e-01
2.699425915527747244e-01
2.748957902259147601e-01
2.804690231802052236e-01
2.870527691530224690e-01
2.853551970212585553e-01
2.927902827795877960e-01
2.958665102674467584e-01
2.935387283603515529e-01
3.016986103869775948e-01
3.063481255382442536e-01
3.153195838797589468e-01
3.211076538009565162e-01
3.174484328910602837e-01
3.266234694208252631e-01
3.271923290038748489e-01
3.275951405521499993e-01
3.361615004860962208e-01
3.394651663842814249e-01
3.379651842334448486e-01
3.451094209306995730e-01
3.440901842623825257e-01
3.480845930487941331e-01
3.472371251399008485e-01
3.579328446246862749e-01
3.478441572256746328e-01
3.581880295371819289e-01
3.631873585293705076e-01
3.576407170502545196e-01
3.658105123647335533e-01
3.687811689616876110e-01
3.741150105433657114e-01
3.780053362414806939e-01
3.756612256126667937e-01
3.753254029517572588e-01
3.861803172539319262e-01
3.883255843923266171e-01
3.858729044133994424e-01
3.908922762522948902e-01
3.935596165904610699e-01
3.966809876337292207e-01
3.981566843205115447e-01
4.043198230613825883e-01
3.974353237542066486e-01
4.083149550134965167e-01
4.088710117597153526e-01
4.096068791411326959e-01
4.162929407410279614e-01
4.082526947502136405e-01
