2.091548923810095627e-03
3.661701734456737026e-03
-2.105589788370505755e-03
9.692023088759207580e-03
-1.434539719652903542e-04
3.175373102621207536e-03
7.671141007576926310e-03
2.886632109955621951e-03
3.906756372719408232e-03
4.809822950768847388e-03
9.645555935253508420e-03
1.532028029137528016e-02
9.018795165637015845e-03
5.987793437167179128e-03
1.140260400289350856e-02
8.437301100352689182e-03
1.060525702289925702e-02
1.462106275887907134e-02
9.282424094037703896e-03
1.197968262584635062e-02
9.741469907163447656e-03
1.232818723232180676e-02
1.399342148854528303e-02
1.069320753959558147e-02
1.309320202399903189e-02
1.386924499120890941e-02
1.315381060204791688e-02
1.201587213945050359e-02
1.185142375335828183e-02
1.621633589394401789e-02
1.645727576985760512e-02
2.457218009242472662e-02
1.121324465466389496e-02
1.952061482662963837e-02
2.098347538680104402e-02
2.466482530941282308e-02
2.282850726221007445e-02
1.954962059520856665e-02
2.286297102916378179e-02
2.529104954429062246e-02
2.354305201341301904e-02
2.763247976915274642e-02
2.056634459058884201e-02
3.222968939986023407e-02
3.231808790564606043e-02
2.779941080510904550e-02
3.154341910603152693e-02
3.076694939436969492e-02
2.905911108280758576e-02
3.274214791184318352e-02
3.642085011871030314e-02
3.322431785188049991e-02
3.419313462920733904e-02
3.605344506587686987e-02
3.853792353394309977e-02
4.203662354478561458e-02
3.726453734055654166e-02
4.166343260751668304e-02
4.175837416766409876e-02
3.650762304886244480e-02
4.180014504894914024e-02
4.363650507152930930e-02
4.489043352950660565e-02
4.696060217497321360e-02
4.083236658739129027e-02
4.806030416750606271e-02
4.685415669554898049e-02
4.553184138510336931e-02
5.238318229971897222e-02
5.397322884026985873e-02
5.076149136793176725e-02
5.619900957697993027e-02
5.347383270053124305e-02
5.576073775011592543e-02
5.320390353907913927e-02
6.218786880400901940e-02
5.038413556139513527e-02
5.901008038997171412e-02
6.228597434500844632e-02
5.501284269164979923e-02
6.145684234499791676e-02
6.270693137063312883e-02
6.632859382493831724e-02
6.851832699037366248e-02
6.448493854532404146e-02
6.246990651068883016e-02
7.165598357630179049e-02
7.214266511588481035e-02
6.804152240255895157e-02
7.142237446352037167e-02
7.246093298215262879e-02
7.396303924284655662e-02
7.382875871716673699e-02
7.839097461791301458e-02
6.991436873850989664e-02
7.920947708331585457e-02
7.818830959015492243e-02
7.753293823150501918e-02
8.277089688724660610e-02
7.324106813307366959e-02
