1.498419965224162369e-02
1.603511592695943885e-02
9.765105518864435410e-03
2.106461428021021154e-02
1.073393030390265915e-02
1.355975386019809929e-02
1.756471937139636105e-02
1.229160689360898548e-02
1.282532404029216450e-02
1.324417757790702886e-02
1.759788916987174712e-02
2.279278131401690777e-02
1.601370609016735183e-02
1.250853941029323249e-02
1.745301257516387178e-02
1.402117128117372734e-02
1.572635945496713566e-02
1.928313989217343705e-02
1.348919035936564995e-02
1.573482460792800450e-02
1.304864651724777988e-02
1.518916177198809808e-02
1.640393954928096726e-02
1.264392189029200052e-02
1.457008805347142708e-02
1.504280910400859241e-02
1.422139520298075846e-02
1.295033011664560932e-02
1.262419499253369243e-02
1.679761349433398637e-02
1.681601770910647400e-02
2.467729732797986630e-02
1.103392460173716234e-02
1.902655933409033023e-02
2.014508525879339998e-02
2.345333884384463025e-02
2.121610001929629535e-02
1.750947314766498203e-02
2.036931082126602552e-02
2.231917226052066230e-02
2.007017070137014428e-02
2.363785508925217091e-02
1.602976168472012436e-02
2.713199796014451395e-02
2.664120252353855203e-02
2.152628863629178421e-02
2.465803214143676841e-02
2.325425322018485549e-02
2.090501153289981567e-02
2.393346664048032202e-02
2.694528983224235910e-02
2.307080018945836808e-02
2.335307315597284078e-02
2.451887675248709889e-02
2.630127261437897532e-02
2.909073729841181108e-02
2.360225775716239677e-02
2.727801071121416232e-02
2.664364025926779095e-02
2.065797835908654567e-02
2.521054706417767688e-02
2.630244908015904118e-02
2.680801922669358295e-02
2.812848223880803217e-02
2.124978199982699781e-02
2.772642018327670446e-02
2.576823547805383308e-02
2.369333970145483248e-02
2.979180359269919046e-02
3.062894774055030522e-02
2.666456174231743997e-02
3.134996290048239209e-02
2.787347088376886800e-02
2.941012292149284418e-02
2.610425241091080678e-02
3.434068034618289328e-02
2.179262477424916827e-02
2.959215822456715689e-02
3.200440944564998669e-02
2.384313116326346182e-02
2.938340121915595723e-02
2.972926211243437367e-02
3.250433611335105250e-02
3.429863304752713005e-02
3.083222153848352159e-02
3.013053408327102944e-02
4.117267360145009103e-02
4.386302127093251457e-02
4.216176632999321661e-02
4.803445306132205633e-02
5.157662604553685248e-02
5.554260159551978326e-02
5.781022525016182856e-02
6.470045752334256661e-02
5.846335632547988714e-02
6.990405653098027972e-02
7.094143625965901312e-02
7.208624050562471852e-02
7.911737026937995521e-02
7.133937483725436013e-02
