-6.807870539219028306e-04
4.006860066155205555e-04
-5.839000308937956386e-03
5.490907938650473052e-03
-4.807671402228807025e-03
-1.939853405949514952e-03
2.159160661160693280e-03
-2.724771304167868807e-03
-3.705398070197453257e-04
3.791304116229219940e-03
1.320283303049545748e-02
2.444183471187868703e-02
2.440851582340264683e-02
2.807748079560656862e-02
4.036842685253745622e-02
4.427409557508515947e-02
5.320461622595599321e-02
6.378670832150536152e-02
6.481857855710744520e-02
7.364726904452947864e-02
7.730707251984009210e-02
8.556741790974277395e-02
9.266603288706426467e-02
9.458463344309774035e-02
1.020073724046702962e-01
1.075948695983560827e-01
1.115000539373839222e-01
1.148138670499387060e-01
1.189452523725847838e-01
1.274495055884204975e-01
1.316730101307688472e-01
1.436306271067590845e-01
1.339849769871203355e-01
1.458831816228335354e-01
1.508196821451214253e-01
1.578552996806381892e-01
1.592303844871145457e-01
1.590404371930050631e-01
1.653376863106554295e-01
1.706510451415733098e-01
1.717212129761189476e-01
1.785701424235861812e-01
1.742266167661116749e-01
1.885802732225948519e-01
1.913070817922251365e-01
1.893890623875038870e-01
1.957001855763975673e-01
1.974668964516859970e-01
1.982772047287952866e-01
2.044541471936665855e-01
2.106070536337273369e-01
2.098668406485160176e-01
2.132766743861340686e-01
2.175633162626571804e-01
2.224480458342943945e-01
2.283195105025188076e-01
2.259038788177226975e-01
2.326435792360703469e-01
2.350592130339418384e-01
2.348539832903284164e-01
2.432656477659544958e-01
2.473934837646839524e-01
2.505519109663466026e-01
2.543305715175195325e-01
2.498015108259962203e-01
2.585586620271947966e-01
2.588286524860267113e-01
2.589467485439326810e-01
2.672144428171822628e-01
2.702012726378737462e-01
2.683691212330379106e-01
2.751717903304901625e-01
2.737981291296562314e-01
2.774213304073753772e-01
2.761882501661412914e-01
2.864860766779116497e-01
2.759920273710059213e-01
2.859239695653202906e-01
2.905016803839206574e-01
2.845230760923778690e-01
2.922557546236005388e-01
2.947888976582908604e-01
2.996874565169984628e-01
3.031476011562159179e-01
3.003774650810660529e-01
2.996181377045070704e-01
3.100522651302488053e-01
3.117757644178054122e-01
3.088983992818271074e-01
3.134936250798206481e-01
3.157381828669306167e-01
3.184383351256385719e-01
3.194943750793362014e-01
3.252382675124767530e-01
3.179361435239685396e-01
3.284007060554006152e-01
3.285444100930606792e-01
3.288729372840251131e-01
3.351628884181098167e-01
3.267260439645358061e-01
