1.254784598314233057e-01
1.231624194580785980e-01
1.135257800657816230e-01
1.214589966005130001e-01
1.077623707706587830e-01
1.072226223283545415e-01
1.078624128961833128e-01
9.922456004669009955e-02
9.639402294488355616e-02
9.344917939236668802e-02
9.443984976611950743e-02
9.627249565938540699e-02
8.613216902493267546e-02
7.926704055054667464e-02
8.085329119689105282e-02
7.406568314086306448e-02
7.241876866106079780e-02
7.262930848856581634e-02
6.349941713527965104e-02
6.242982600336004217e-02
5.645867343297035490e-02
5.533698855984953840e-02
5.330908309151252689e-02
4.632350977991769175e-02
4.504226086293576514e-02
4.213712239605284238e-02
3.773859077395325112e-02
3.291206020547605970e-02
2.905240178431636733e-02
2.971284658585838720e-02
2.624687265002155837e-02
3.067726085783388512e-02
1.365388443616429894e-02
1.831455229587421532e-02
1.614482310572545876e-02
1.620285313872235969e-02
1.074545233341003304e-02
3.841946525473967887e-03
3.522403651144718779e-03
2.320711307786846398e-03
-8.112942661734840258e-04
4.152527792026435363e-03
-4.339231581249221315e-03
5.889011633794636116e-03
4.534052124536984245e-03
8.342322804717127675e-04
3.100822408867331525e-03
8.411131962961624796e-04
-2.354659722297724935e-03
2.106107489440375673e-03
4.269598639204773630e-03
-4.443905941930575152e-04
-9.925917942916319490e-04
1.621219880104902283e-03
2.570634063932341652e-03
4.535653884961131886e-03
-1.768006904360568772e-03
3.371420938272954096e-03
1.920082268888157005e-03
-4.873746149941395218e-03
-1.120357829613200613e-03
1.450792109892069847e-03
1.154559623803331787e-03
1.681623518943437846e-03
-5.981869053052223106e-03
1.988040308173121950e-03
-7.582716070115120503e-04
-3.613232498117556826e-03
1.713447471123074467e-03
4.056557464477997428e-03
-6.835604933003800853e-04
3.233875641321944973e-03
-1.002581881661098948e-03
2.051582493055413917e-03
-2.018639286301710228e-03
5.461342673026247686e-03
-7.835018501667593768e-03
1.579107670203080916e-03
3.364277275128026417e-03
-5.391189347859096787e-03
-4.237611290935732172e-04
1.623114518291102898e-03
3.754323590005848379e-03
4.455133452142125833e-03
-1.065757331796562523e-03
-2.297524101305905946e-03
5.383173663628289252e-03
4.365393085055651289e-03
-1.238866274307289048e-03
2.909916628956644817e-03
2.428277062904423810e-03
2.411762534459585116e-03
7.609629036834193380e-04
6.078518391854332605e-03
-3.930029635633615868e-03
3.836568008423502617e-03
1.290904349896894714e-03
1.208163012947283165e-03
4.805574789435392881e-03
-6.315592233846850818e-03
