1.066025779827907555e-01
1.042903697870361940e-01
9.465767703847824399e-02
1.025950073899384724e-01
8.890273436351511793e-02
8.836767771256895387e-02
8.901264186597429573e-02
8.038065444505060331e-02
7.755699463042584063e-02
7.462054903779148651e-02
7.562199107557554534e-02
7.746931273266012552e-02
6.735057026592529417e-02
6.052062367168439816e-02
6.216833618094501357e-02
5.546620276007179634e-02
5.392239781641738894e-02
5.424751784741722177e-02
4.523968524203347136e-02
4.428927475123627805e-02
3.842540595014667243e-02
3.740613095169450369e-02
3.547839587680503420e-02
2.859265110498423329e-02
2.740866219443355289e-02
2.462410582896221514e-02
2.037456406991042246e-02
1.572448754132069193e-02
1.206469684222561192e-02
1.294383795399960818e-02
9.702529853292982814e-03
1.433180433441330441e-02
-2.524919786557845366e-03
2.277586000864043059e-03
2.475609296968293849e-03
4.872697579041172268e-03
1.734040707161018822e-03
-5.948008159135547476e-04
1.362749420420286814e-03
2.419312218527438184e-03
-7.135830814325259258e-04
4.249361650210444624e-03
-4.243055402980192535e-03
5.984318516841485164e-03
4.628499004871016245e-03
9.278311433241774511e-04
3.193785562907450019e-03
9.332360958855722083e-04
-2.263368095080139485e-03
2.196579429141938718e-03
4.359456107233665792e-03
2.351224873780688278e-05
5.363937790017745712e-04
1.932120613699451345e-03
3.943705162327508680e-03
6.961623221031623676e-03
1.701336596779488581e-03
5.605105243147282673e-03
5.198492813560153143e-03
-5.590253536382283964e-04
4.223514130934509156e-03
5.547248332875100163e-03
6.286414320588567563e-03
7.842142866591506750e-03
1.200287488992334874e-03
7.915262914258718377e-03
6.196824134620710495e-03
4.363002363841014981e-03
1.070320911419168734e-02
1.178168660185734649e-02
8.058105005611566202e-03
1.298373780663910834e-02
9.746863075946002666e-03
1.152247856029979881e-02
8.454974059068538772e-03
1.692943655283219231e-02
4.619041233051119147e-03
1.274103590576461560e-02
1.551428266618598562e-02
7.737373151642171556e-03
1.367360928885110599e-02
1.441007542961105989e-02
1.751109779053413099e-02
1.917249916130554788e-02
1.460273913119672883e-02
1.204316744825353891e-02
2.067655571683760241e-02
2.060251586091549347e-02
1.593224749620213154e-02
1.873517894597436645e-02
1.918729805839449604e-02
2.009475017492674473e-02
1.935791052164638829e-02
2.330997304260642652e-02
1.421593252669455833e-02
2.288762994102426507e-02
2.123743011944279405e-02
1.977105992045800550e-02
2.426519105932332596e-02
1.403167879003748911e-02
