2.274900723757248833e-01
2.301266056463722731e-01
2.254137918493630266e-01
2.382459159200751575e-01
2.294263212779037997e-01
2.337414931114500660e-01
2.392141989027908588e-01
2.353898722757384321e-01
2.373552932910342472e-01
2.391894710045355255e-01
2.449421794264170782e-01
2.515186017048708367e-01
2.460987867450543098e-01
2.439327195719723507e-01
2.507973261823805422e-01
2.489642550303337865e-01
2.521019664202203137e-01
2.569939108981962872e-01
2.524734175606409003e-01
2.559517625275434249e-01
2.544684270421497252e-01
2.577877128066921597e-01
2.601603502594917461e-01
2.575390527315604694e-01
2.605858292445217272e-01
2.619734306997806295e-01
2.618318998673886400e-01
2.612283988118002109e-01
2.615576726538413332e-01
2.663748382934190695e-01
2.670262357421934185e-01
2.733441730309696949e-01
2.575437246048148943e-01
2.633856519673893337e-01
2.623576033998255563e-01
2.635221142253318938e-01
2.591431921995034360e-01
2.532964686407175869e-01
2.540174925045148302e-01
2.538296157109535267e-01
2.494437993891524263e-01
2.508757560924365637e-01
2.411334532233420369e-01
2.501028768780013678e-01
2.474805795937492503e-01
2.402355175033484558e-01
2.412385129323759425e-01
2.377073946172490460e-01
2.332322088638732471e-01
2.341358039586080575e-01
2.350230917803895758e-01
2.290237960291363617e-01
2.271805846813971241e-01
2.262199240002103484e-01
2.258746337532520632e-01
2.265350288620776031e-01
2.189164277977514450e-01
2.204609567490426192e-01
2.176940507008466585e-01
2.095743395576872836e-01
2.119911486979365323e-01
2.109453884790221112e-01
2.093112050095139731e-01
2.084896374699159172e-01
1.994664469884442903e-01
2.037958984040692534e-01
1.996872173243913473e-01
1.954584307176849278e-01
1.993995770395479705e-01
1.980758904792622732e-01
1.919470422664348030e-01
1.944642125553191769e-01
1.888155729433381169e-01
1.881760063423775498e-01
1.826897822319444586e-01
1.887418635173082615e-01
1.740052985977957323e-01
1.796972706495058303e-01
1.800375995364681125e-01
1.698249760028886224e-01
1.733225160148230970e-01
1.716172351053659173e-01
1.722738520545096796e-01
1.714885937943978755e-01
1.644701601156884907e-01
1.594600281434578604e-01
1.656410292770691406e-01
1.628002675884337447e-01
1.555395640941365509e-01
1.558176141153616023e-01
1.537825270969348790e-01
1.522216887520061179e-01
1.490278914544436450e-01
1.505319702460454767e-01
1.389982497574236697e-01
1.452382863556074821e-01
1.411624392044909526e-01
1.372744755545651507e-01
1.393506506355567109e-01
1.267025007571878359e-01
