2.737403900347713803e-02
2.865379357408938052e-02
2.260943204205876494e-02
3.413146831926937297e-02
2.402016249631438657e-02
2.706197708002725313e-02
3.127961739487376130e-02
2.613065183341743702e-02
2.674519397392199557e-02
2.721650795685075577e-02
3.160617114693237140e-02
3.683754214693811535e-02
3.015484527603531917e-02
2.720021795039547982e-02
3.366107330823970428e-02
3.249561098345922494e-02
3.701357584010526308e-02
4.373436803026451575e-02
4.130416952657176705e-02
4.700886333197879657e-02
4.779670366343573978e-02
5.337447276003853824e-02
5.796731266942337785e-02
5.751403165204958812e-02
6.266076894054600777e-02
6.607303257825028475e-02
6.788705531156111195e-02
6.917480945270350345e-02
7.133312409198271087e-02
7.790969882322339168e-02
8.025797974425670500e-02
9.038343988747450652e-02
7.894369891125549432e-02
8.908318362579110972e-02
9.229262480733092799e-02
9.763232235668911629e-02
9.737264426151683028e-02
9.559417777252061932e-02
1.004483954956242459e-01
1.042347302511987817e-01
1.037219907498422439e-01
1.089566190615474106e-01
1.029694818862957884e-01
1.156599342123621477e-01
1.167323486339916505e-01
1.131602216916793024e-01
1.178170868685649297e-01
1.179224563466184234e-01
1.170674565106971238e-01
1.215759451824550835e-01
1.260540738499930369e-01
1.236315306934920866e-01
1.253494336802413178e-01
1.279361165094596853e-01
1.311257003546371924e-01
1.353093857165474923e-01
1.312031383291622777e-01
1.362495938523797800e-01
1.369746160669652602e-01
1.323372155580271881e-01
1.382270689014818421e-01
1.406454188848922093e-01
1.424667314862266276e-01
1.450923568279060272e-01
1.395083602137463241e-01
1.472693618049579212e-01
1.465853164398303043e-01
1.457740490535433808e-01
1.531242468146824243e-01
1.552019320985776607e-01
1.524675678304245052e-01
1.583728987497621810e-01
1.561065340419189595e-01
1.588437225545375475e-01
1.567290587363495413e-01
1.661478065611053934e-01
1.547733011245647494e-01
1.638230032785485679e-01
1.675170045750466741e-01
1.606542632030175666e-01
1.674981593575328165e-01
1.691358533959525512e-01
1.731317456529929133e-01
1.756817313789188206e-01
1.719943411132548727e-01
1.703109941437383201e-01
1.798145302761638697e-01
1.806046283537969532e-01
1.767931057200390343e-01
1.804494926046259773e-01
1.817491896926258510e-01
1.834988375092593271e-01
1.835964221855366785e-01
1.883755803713777766e-01
1.801023574003838834e-01
1.895896374113196781e-01
1.887501291734641207e-01
1.880897550370456417e-01
1.933853513333524676e-01
1.839492608229993942e-01
