5.784272357047496455e-02
5.563749058932442731e-02
4.613078344850327778e-02
5.421065935144152304e-02
4.067842000543876735e-02
4.032043239164203458e-02
4.116020006288028527e-02
3.273903280481021277e-02
3.014219680964173170e-02
2.744630932810868812e-02
2.870840566430887114e-02
3.085978452961894367e-02
2.108280534472264239e-02
1.462259644608372017e-02
1.665066445747812041e-02
1.033547245128517075e-02
9.182489223502638548e-03
9.899591295464426483e-03
1.278761518848343416e-03
7.207293442597345742e-04
-2.505093354914283196e-03
1.370190066664329735e-03
2.034751738445955867e-03
-2.270879510455633011e-03
-8.854478052708433149e-04
1.132712203485451274e-03
-6.461649673067243731e-04
-2.865635438464255412e-03
-4.130905537165768283e-03
1.382491247184533924e-03
4.613300989046482817e-04
7.392987325012805901e-03
-7.169886254617783769e-03
2.182811683236792009e-03
2.381478683692331722e-03
4.779417782163316100e-03
1.641602631521458210e-03
-6.864089012669262208e-04
1.271763534511899342e-03
2.329148724876185621e-03
-8.029329741353605004e-04
4.160814019410534470e-03
-4.331001620807141059e-03
5.897167216723900145e-03
4.542134124854161487e-03
8.422417231764888282e-04
3.108777463693764877e-03
8.489963577028626380e-04
-2.346847685952307538e-03
2.113849391507383914e-03
4.277287969727812215e-03
-4.367707559381252009e-04
-9.850407056028213579e-04
1.628703176935036075e-03
2.578066544916171599e-03
4.543019194654822346e-03
-1.760708048055215341e-03
3.378654266925350778e-03
1.927266478778097859e-03
-4.866626867861749244e-03
-1.113302781414497386e-03
1.457783819039744268e-03
1.161503854614086458e-03
1.688504990511965811e-03
-5.975049669968889900e-03
1.994798467726779500e-03
-7.515593401372089311e-04
-3.606580894329074194e-03
1.720039060183898259e-03
4.063089874889014297e-03
-6.770724428517742657e-04
3.240305054846237109e-03
-9.962104783541750417e-04
2.057896694308655738e-03
-2.012367963468082374e-03
5.467557317438345200e-03
-7.828859929898571851e-03
1.585210950509946884e-03
3.370339109091507069e-03
-5.385182299214805353e-03
-4.178082802199004336e-04
1.629013922492666142e-03
3.760182932124382822e-03
4.460939838826331882e-03
-1.060003334552681682e-03
-2.291821763615885243e-03
5.388837277275390636e-03
4.371005512045974054e-03
-1.233304486881521816e-03
2.915428482333609975e-03
2.433751485600827401e-03
2.417187480209236419e-03
7.663389013077728622e-04
6.083846123311731011e-03
-3.924738084681144573e-03
3.841811735043479739e-03
1.296100763345022725e-03
1.213312772410673644e-03
4.810689576824111850e-03
-6.310523673366152074e-03
