1.459643929055229154e-02
1.692312622081370774e-02
1.198507226527564633e-02
2.466818234086979450e-02
1.576832434216580980e-02
2.006794207056761953e-02
2.558165495077303897e-02
2.184719739747087788e-02
2.394665990083525223e-02
2.595553414577385365e-02
3.192080176713096851e-02
3.874616270936056400e-02
3.361287536269388920e-02
3.176112439779169710e-02
3.836445626776857631e-02
3.660135478806370718e-02
3.999118545865614632e-02
4.525216463164379033e-02
4.118389666683826278e-02
4.517738486375090512e-02
4.425747565170434772e-02
4.818147215054573163e-02
5.119716400676569551e-02
4.925513294115211466e-02
5.301750932924383791e-02
5.515931438125826897e-02
5.581197292366316121e-02
5.604325675871187074e-02
5.724799454470688026e-02
6.297784515077962941e-02
6.457725408254599841e-02
7.404531199498190497e-02
6.203496031061005167e-02
7.168689855584571557e-02
7.449141790770831550e-02
7.951373838304691410e-02
7.901907041271928611e-02
7.708304594446924174e-02
8.174049931033068594e-02
8.551365378141718987e-02
8.511087655781647554e-02
9.054322785947396812e-02
8.479202367574420474e-02
9.767524690420781308e-02
9.893187687079141313e-02
9.555558627573648711e-02
1.004294242776141155e-01
1.007766835020065116e-01
1.001906042553745574e-01
1.049944640079176622e-01
1.097944794322014833e-01
1.077226263232748810e-01
1.098229552281213689e-01
1.128228080846160331e-01
1.164555843410386010e-01
1.211120055408156926e-01
1.175076954956726510e-01
1.230850264144804640e-01
1.243696445365044950e-01
1.203203706371726717e-01
1.268267090141896591e-01
1.298897421356448312e-01
1.323836715006933284e-01
1.357093162506760042e-01
1.308522075010847829e-01
1.393664682561470691e-01
1.394615475150777495e-01
1.394524412216481268e-01
1.476273428752632455e-01
1.505506061371104654e-01
1.486815987415738560e-01
1.554715135793260927e-01
1.541087085289365721e-01
1.577683478971754205e-01
1.565950345479746042e-01
1.669740930474390150e-01
1.565789487021645443e-01
1.666271696991321327e-01
1.713389651226193411e-01
1.655134170469572397e-01
1.734140337711767010e-01
1.761281067895637542e-01
1.812201699481648109e-01
1.848862540172945546e-01
1.823350268622095094e-01
1.818080467892574936e-01
1.924882942527298413e-01
1.944754218420415570e-01
1.918788466040879659e-01
1.967668115422142594e-01
1.993089807170792815e-01
2.023066559595708969e-01
2.036578523482354131e-01
2.096946715591412325e-01
2.026816630914541617e-01
2.134305517080468673e-01
2.138537525040201392e-01
2.144571258614586251e-01
2.210175176981903911e-01
2.128469763620798594e-01
