5.480036185077658689e-05
5.663288596861895891e-04
-6.238256437619429592e-03
6.801037515906280598e-03
-4.074810472237968238e-03
-1.789694193941517670e-03
1.679390885712080724e-03
-1.855228108457886984e-03
-1.867952104326843586e-03
-1.991070362927284312e-03
1.825509696060507092e-03
8.757657518221500723e-03
1.430917361168107223e-03
-2.617432790391735833e-03
1.788710058568875657e-03
9.293843524543028353e-05
1.249289139141343628e-03
4.261725202316974867e-03
-2.071703162999097118e-03
1.908864512360204093e-03
-1.327274347464334463e-03
2.677844037219485277e-04
9.419831150761710011e-04
-1.084189563605675744e-03
2.909398204309150866e-04
2.888798741289559831e-05
-1.740343300020353711e-03
-1.680342440418535659e-03
-2.955901482951785696e-03
2.772958598215579675e-04
-6.342108566120417852e-04
8.576930034647451545e-03
-5.996219558254453630e-03
1.076290924102105964e-03
1.284620619447477460e-03
5.962055305540527733e-03
2.813976640346833001e-03
-1.794210762153927718e-03
1.736323556410614751e-04
3.510524657928696009e-03
3.681915256612989119e-04
3.051773848351035500e-03
-5.430363389432394002e-03
7.077323699446845008e-03
5.712050852130172614e-03
-2.679953955588141494e-04
2.008226210004414140e-03
2.027974122759635452e-03
-1.178098388549193290e-03
1.002455306219670250e-03
3.175586962896436837e-03
7.410676637684186861e-04
1.825801572496268434e-04
5.161907709631584698e-04
1.475254189927766718e-03
5.719756326396375525e-03
-5.941779267745446805e-04
2.265060895461848498e-03
8.233798979826185537e-04
-3.690954237729266590e-03
5.217303241133444333e-05
1.408455296351688712e-03
2.177579132762636187e-03
3.760710129137844089e-03
-2.856263589609696080e-03
3.881107099857945223e-03
2.182611375002693060e-03
3.663144215341369858e-04
6.723511449338242553e-03
7.820572063174151267e-03
4.117213056696640214e-03
9.064681482564659887e-03
5.851229198333605941e-03
7.651827952312337429e-03
4.610841760298200337e-03
1.311599963966421714e-02
8.466055101946732414e-04
9.024784574068394488e-03
1.187391435911338763e-02
4.196139042786282969e-03
1.025731192376919294e-02
1.114640077470599629e-02
1.442904420474988222e-02
1.630189075594104531e-02
1.197381458311577197e-02
9.686237003216073560e-03
1.862171972581775151e-02
1.887943831016324070e-02
1.457053002370999398e-02
1.776428461839759526e-02
1.863463566434400004e-02
1.998593925753838763e-02
1.971773853333402132e-02
2.416232577193457021e-02
1.558375066576447691e-02
2.479288598374889893e-02
2.370112078590115925e-02
2.281321020169702410e-02
2.790486676164708260e-02
1.828700512638813114e-02
