1.074269284998247004e-01
1.115185850033447446e-01
1.083116708953099916e-01
1.226942798637258719e-01
1.154663210962317832e-01
1.214151413144742703e-01
1.285645493703497511e-01
1.264587675042518067e-01
1.301992822476920053e-01
1.338623605100671687e-01
1.414710985349610928e-01
1.499259065899413990e-01
1.464125099656193862e-01
1.461650158268733013e-01
1.543500260668735358e-01
1.541342811811085289e-01
1.590448151841936109e-01
1.658043957881538133e-01
1.632144371802400906e-01
1.686755880293635546e-01
1.692243378043323532e-01
1.746176170020752594e-01
1.790902735984922500e-01
1.785970848656454057e-01
1.838010790479688572e-01
1.873724196357204885e-01
1.894462114163446009e-01
1.910918591751677165e-01
1.937017983846123503e-01
2.008349666035926240e-01
2.038417737328312718e-01
2.147205460311106817e-01
2.041220190864165562e-01
2.151850475952277741e-01
2.193981042610746446e-01
2.258254778498714477e-01
2.267214400130110608e-01
2.261640427382349550e-01
2.322011552135176959e-01
2.373453413871395579e-01
2.383064630262014816e-01
2.450993076802619741e-01
2.407308314477021871e-01
2.550860399260407307e-01
2.578604604028343905e-01
2.560205111891328822e-01
2.624283489635588218e-01
2.642974377231059324e-01
2.652162449601868088e-01
2.715079731248932760e-01
2.777780605620827625e-01
2.771566377147110516e-01
2.806865923541309593e-01
2.850945103312213513e-01
2.901132760737033522e-01
2.961305634838184986e-01
2.938586274551602262e-01
3.007356268008603561e-01
3.032860644263910554e-01
3.004677305702934120e-01
3.131783041442633420e-01
3.184434713400754458e-01
3.218438855617119509e-01
3.255808833880186604e-01
3.209638290797673932e-01
3.296454359559102820e-01
3.298769301531527254e-01
3.299865310216645309e-01
3.382648916528008809e-01
3.412761798952716474e-01
3.394800556054886620e-01
3.463245576020634875e-01
3.449945039420346249e-01
3.486636382882971619e-01
3.474748006704770908e-01
3.578115609977411404e-01
3.473488740496180616e-01
3.573039262696227070e-01
3.618963572097795289e-01
3.559246998072012058e-01
3.636519221527272361e-01
3.661647855691819720e-01
3.710273040366046104e-01
3.744349988980253952e-01
3.715960390797438118e-01
3.707482856684169437e-01
3.810700592060666803e-01
3.826718507456433604e-01
3.796626916388371464e-01
3.841133134318435172e-01
3.861991234793670236e-01
3.887261028670530028e-01
3.895943439774386952e-01
3.951368040825078420e-01
3.876182425169419354e-01
3.995471304285721503e-01
3.998918522116692853e-01
3.999151176232991212e-01
4.056517968786289563e-01
3.965450395722177612e-01
