0	0
0.0400000000000000	0.306391576889504
0.0800000000000000	0.817881877750747
0.120000000000000	1.51868656862251
0.160000000000000	2.36637379152843
0.200000000000000	3.32278265216451
0.240000000000000	4.34873050408791
0.280000000000000	5.40538651580830
0.320000000000000	6.46524643642144
0.360000000000000	7.51104459336933
0.400000000000000	8.53169421146406
0.440000000000000	9.52614568802716
0.480000000000000	10.4875634126075
0.520000000000000	11.4178427980215
0.560000000000000	12.3174916688882
0.600000000000000	13.1868378274878
0.640000000000000	14.0309579929077
0.680000000000000	14.8527138608997
0.720000000000000	15.6511544991121
0.760000000000000	16.4307346040595
0.800000000000000	17.1949583396852
0.840000000000000	17.9458404173280
0.880000000000000	18.6828142379063
0.920000000000000	19.4047779339408
0.960000000000000	20.1119454225475
1	20.8043981927896
1.04000000000000	21.4823878185313
1.08000000000000	22.1462395998868
1.12000000000000	22.7937497666816
1.16000000000000	23.4224649147371
1.20000000000000	24.0370897797071
1.24000000000000	24.6391205768224
1.28000000000000	25.2322760464938
1.32000000000000	25.8200484208904
1.36000000000000	26.4043130897703
1.40000000000000	26.9879297804419
1.44000000000000	27.5685845253776
1.48000000000000	28.1452682545326
1.52000000000000	28.7208048174474
1.56000000000000	29.2954697367864
1.60000000000000	29.8702849477959
1.64000000000000	30.4441736666004
1.68000000000000	31.0160526704718
1.72000000000000	31.5853683219597
1.76000000000000	32.1518109671787
1.80000000000000	32.7154587474490
1.84000000000000	33.2736240144162
1.88000000000000	33.8257217705287
1.92000000000000	34.3765911122461
1.96000000000000	34.9244570942262
2	35.4718506061648
2.04000000000000	36.0193880110942
2.08000000000000	36.5668357897996
2.12000000000000	37.1142705204128
2.16000000000000	37.6616686142884
2.20000000000000	38.2090350210002
2.24000000000000	38.7553883986806
2.28000000000000	39.2969097704853
2.32000000000000	39.8312947430031
2.36000000000000	40.3580196186100
2.40000000000000	40.8773893648184
2.44000000000000	41.3895347084519
2.48000000000000	42.5646993622648
2.52000000000000	43.1988868412136
2.56000000000000	43.6638814174036
2.60000000000000	44.0579785763113
2.64000000000000	44.4284664210214
2.68000000000000	44.7918503006967
2.72000000000000	45.1534837945637
2.76000000000000	45.5145174704136
2.80000000000000	45.8748604890177
2.84000000000000	46.2340557648112
2.88000000000000	46.5926514491811
2.92000000000000	46.9509376595578
2.96000000000000	47.3089296653087
3	47.6666277191195
3.04000000000000	48.0239311303823
3.08000000000000	48.3807965065135
3.12000000000000	48.7376254506479
3.16000000000000	49.0943874343800
3.20000000000000	49.4509718555604
3.24000000000000	49.8070292452578
3.28000000000000	50.1622987612981
3.32000000000000	50.5164488842764
3.36000000000000	50.8695728366079
3.40000000000000	51.2218656325037
3.44000000000000	51.5732926531759
3.48000000000000	51.9238632235179
3.52000000000000	52.2735789621317
3.56000000000000	52.6224426934866
3.60000000000000	52.9704570480154
3.64000000000000	53.3176246614213
3.68000000000000	53.6639481494520
3.72000000000000	54.0094301110169
3.76000000000000	54.3540731281081
3.80000000000000	54.6978797660360
3.84000000000000	55.0408525736337
3.88000000000000	55.3826866596949
3.92000000000000	55.7225433256419
3.96000000000000	56.0620075274743
4	56.4002112879504
4.04000000000000	56.7380317090637
4.08000000000000	57.0754187143775
4.12000000000000	57.4128049992691
4.16000000000000	57.7499889375993
4.20000000000000	58.0870600462718
4.24000000000000	58.4239799331584
4.28000000000000	58.7607639930196
4.32000000000000	59.0974059878160
4.36000000000000	59.4339079969677
4.40000000000000	59.7702690442981
4.44000000000000	60.1064892250125
4.48000000000000	60.4425682755676
4.52000000000000	60.7785060466121
4.56000000000000	61.1143023538713
4.60000000000000	61.4499570229533
4.64000000000000	61.7854698765491
4.68000000000000	62.1208407379236
4.72000000000000	62.4560694300253
4.76000000000000	62.7911557757147
4.80000000000000	63.1260995977226
4.84000000000000	63.3374838972442
4.88000000000000	63.4067652351047
4.92000000000000	63.4338338572905
4.96000000000000	63.6420587706224
5	63.6593058411742
5.04000000000000	63.6556208491741
5.08000000000000	63.7288328477160
5.12000000000000	63.7312185063051
5.16000000000000	63.7156433006223
5.20000000000000	63.6946363445529
5.24000000000000	63.6709658404622
5.28000000000000	63.6457574581420
5.32000000000000	63.6195841359796
5.36000000000000	63.5927747487799
5.40000000000000	63.5655305094786
5.44000000000000	63.5379814625462
5.48000000000000	63.5102151909993
5.52000000000000	63.4822925551288
5.56000000000000	63.4542575487239
5.60000000000000	63.4261431627682
5.64000000000000	63.3979731170825
5.68000000000000	63.3697646224707
5.72000000000000	63.3415303584966
5.76000000000000	63.3132797901492
5.80000000000000	63.2850200644917
5.84000000000000	63.2567566333071
5.88000000000000	63.2284936928783
5.92000000000000	63.2002344992742
5.96000000000000	63.1719815973977
6	63.1437369893593
6.04000000000000	63.1155022595760
6.08000000000000	63.0872786686162
6.12000000000000	63.0590672242217
6.16000000000000	63.0308687354906
6.20000000000000	63.0026850593807
6.24000000000000	62.9745175836574
6.28000000000000	62.9463668771715
6.32000000000000	62.9182329224911
6.36000000000000	62.8901157022082
6.40000000000000	62.8620151989383
6.44000000000000	62.8339313953207
6.48000000000000	62.8058642740181
6.52000000000000	62.7778138177170
6.56000000000000	62.7497800091275
6.60000000000000	62.7217628309830
6.64000000000000	62.6937622660405
6.68000000000000	62.6657782970803
6.72000000000000	62.6378109069062
6.76000000000000	62.6098600783453
6.80000000000000	62.5819257942481
6.84000000000000	62.5503355754816
6.88000000000000	62.5177149620577
6.92000000000000	62.4851136289564
6.96000000000000	62.4525315547941
7	62.4199687182174
7.04000000000000	62.3874250979033
7.08000000000000	62.3549006725593
7.12000000000000	62.3223954209231
7.16000000000000	62.2899093217626
7.20000000000000	62.2574423538759
7.24000000000000	62.2249944960914
7.28000000000000	62.1925657272672
7.32000000000000	62.1601560262920
7.36000000000000	62.1277653720838
7.40000000000000	62.0953937435911
7.44000000000000	62.0630411197919
7.48000000000000	62.0307074796941
7.52000000000000	61.9983928023354
7.56000000000000	61.9660970667832
7.60000000000000	61.9338202521345
7.64000000000000	61.9015623375160
7.68000000000000	61.8693233020839
7.72000000000000	61.8371031250237
7.76000000000000	61.8049017855506
7.80000000000000	61.7727192629092
7.84000000000000	61.7405555363731
7.88000000000000	61.7084105852456
7.92000000000000	61.6762843888590
7.96000000000000	61.6441769265747
8	61.6120881777835
8.04000000000000	61.5800181219051
8.08000000000000	61.5479667383881
8.12000000000000	61.5159340067104
8.16000000000000	61.4839199063785
8.20000000000000	61.4519244169280
8.24000000000000	61.4199475179231
8.28000000000000	61.3879891889570
8.32000000000000	61.3560494096515
8.36000000000000	61.3241281596571
8.40000000000000	61.2922254186527
8.44000000000000	61.2603411663461
8.48000000000000	61.2284753824735
8.52000000000000	61.1966280467994
8.56000000000000	61.1647991391169
8.60000000000000	61.1329886392474
8.64000000000000	61.1011965270406
8.68000000000000	61.0694227823745
8.72000000000000	61.0376673851552
8.76000000000000	61.0059303153171
8.80000000000000	60.9742115528226
8.84000000000000	60.9425110776623
8.88000000000000	60.9108288698548
8.92000000000000	60.8791649094464
8.96000000000000	60.8475191765116
9	60.8158916511527
9.04000000000000	60.7842823134998
9.08000000000000	60.7526911437107
9.12000000000000	60.7211181219711
9.16000000000000	60.6895632284941
9.20000000000000	60.6580264435207
9.24000000000000	60.6265077473193
9.28000000000000	60.5950071201858
9.32000000000000	60.5635245424437
9.36000000000000	60.5320599944440
9.40000000000000	60.5006134565647
9.44000000000000	60.4691849092116
9.48000000000000	60.4377743328174
9.52000000000000	60.4063817078423
9.56000000000000	60.3750070147736
9.60000000000000	60.3436502341258
9.64000000000000	60.3123113464402
9.68000000000000	60.2809903322856
9.72000000000000	60.2496871722574
9.76000000000000	60.2184018469783
9.80000000000000	60.1871343370976
9.84000000000000	60.1558846232916
9.88000000000000	60.1246526862634
9.92000000000000	60.0934385067429
9.96000000000000	60.0622420654866
10	60.0310633432778
10.0400000000000	59.9999023209263
10.0800000000000	59.9687589792686
10.1200000000000	59.9376332991677
10.1600000000000	59.9065252615130
10.2000000000000	59.8754348472204
10.2400000000000	59.8443620372322
10.2800000000000	59.8133068125171
10.3200000000000	59.7822691540699
10.3600000000000	59.7512490429119
10.4000000000000	59.7202464600905
10.4400000000000	59.6892613866792
10.4800000000000	59.6582938037777
10.5200000000000	59.6273436925118
10.5600000000000	59.5964110340333
10.6000000000000	59.5654958095198
10.6400000000000	59.5345980001752
10.6800000000000	59.5037175872290
10.7200000000000	59.4728545519367
10.7600000000000	59.4420088755794
10.8000000000000	59.4111805394643
10.8400000000000	59.3803695249240
10.8800000000000	59.3495758133169
10.9200000000000	59.3187993860270
10.9600000000000	59.2880402244639
11	59.2572983100628
11.0400000000000	59.2265736242842
11.0800000000000	59.1958661486142
11.1200000000000	59.1651758645642
11.1600000000000	59.1345027536712
11.2000000000000	59.1038467974973
11.2400000000000	59.0732079776298
11.2800000000000	59.0425862756815
11.3200000000000	59.0119816732901
11.3600000000000	58.9813941521186
11.4000000000000	58.9508236938551
11.4400000000000	58.9202702802127
11.4800000000000	58.8897338929296
11.5200000000000	58.8592145137689
11.5600000000000	58.8287121245186
11.6000000000000	58.7982267069916
11.6400000000000	58.7677582430257
11.6800000000000	58.7373067144835
11.7200000000000	58.7068721032522
11.7600000000000	58.6764543912439
11.8000000000000	58.6460535603953
11.8400000000000	58.6156695926676
11.8800000000000	58.5853024700469
11.9200000000000	58.5549521745436
11.9600000000000	58.5246186881926
12	58.4943019930534
12.0400000000000	58.4640020712097
12.0800000000000	58.4337189047698
12.1200000000000	58.4034524758663
12.1600000000000	58.3732027666559
12.2000000000000	58.3429697593198
12.2400000000000	58.3127534360632
12.2800000000000	58.2825537791157
12.3200000000000	58.2523707707307
12.3600000000000	58.2222043931861
12.4000000000000	58.1920546287835
12.4400000000000	58.1619214598486
12.4800000000000	58.1318048687312
12.5200000000000	58.1017048378048
12.5600000000000	58.0716213494670
12.6000000000000	58.0415543861390
12.6400000000000	58.0115039302661
12.6800000000000	57.9814699643170
12.7200000000000	57.9514524707844
12.7600000000000	57.9214524762868
12.8000000000000	57.8914739316349
12.8400000000000	57.8615227004861
12.8800000000000	57.8316080851550
12.9200000000000	57.8017451783726
12.9600000000000	57.7719577502518
13	57.7422813250354
13.0400000000000	57.7127656628548
13.0800000000000	57.6834754849480
13.1200000000000	57.6544969020505
13.1600000000000	57.6259826921349
13.2000000000000	57.5981813923978
13.2400000000000	57.5714726915110
13.2800000000000	57.5464157086962
13.3200000000000	57.5238024646731
13.3600000000000	57.5047282443247
13.4000000000000	57.4904047986854
13.4400000000000	57.4816880664665
13.4800000000000	57.4786362625789
13.5200000000000	57.4806306657300
13.5600000000000	57.4872061586358
13.6000000000000	57.4979212267585
13.6400000000000	57.5119331984484
13.6800000000000	57.5293616627777
13.7200000000000	57.5503114465206
13.7600000000000	57.5746449200090
13.8000000000000	57.6023119122774
13.8400000000000	57.6333142801787
13.8800000000000	57.6672121151985
13.9200000000000	57.7041251696191
13.9600000000000	57.7442693984276
14	57.7874491837973
14.0400000000000	57.8337624168666
14.0800000000000	57.8835679402823
14.1200000000000	57.9368129070005
14.1600000000000	57.9934460919339
14.2000000000000	58.0536057942729
14.2400000000000	58.1174627121976
14.2800000000000	58.1851790085476
14.3200000000000	58.2565821390597
14.3600000000000	58.3315343821580
14.4000000000000	58.4100378835938
14.4400000000000	58.4921115453923
14.4800000000000	58.5777302843687
14.5200000000000	58.6668950317617
14.5600000000000	58.7596374335823
14.6000000000000	58.8560068454972
14.6400000000000	58.9560629140708
14.6800000000000	59.0598713612408
14.7200000000000	59.1696006775668
14.7600000000000	59.2857810037642
14.8000000000000	59.4057939674087
14.8400000000000	59.5296508875421
14.8800000000000	59.6570434561456
14.9200000000000	59.7871945469936
14.9600000000000	59.9195621430036
15	60.0538696050300
15.0400000000000	60.1899806927122
15.0800000000000	60.3278329560585
15.1200000000000	60.4674026304473
15.1600000000000	60.6086862395134
15.2000000000000	60.7516909817044
15.2400000000000	60.8964297142281
15.2800000000000	61.0429183379577
15.3200000000000	61.1910849920798
15.3600000000000	61.3406599744943
15.4000000000000	61.4914288499692
15.4400000000000	61.6432902363630
15.4800000000000	61.7962027354342
15.5200000000000	61.9501562263176
15.5600000000000	62.1051570442319
15.6000000000000	62.2612203231362
15.6400000000000	62.4183660345047
15.6800000000000	62.4587085725792
15.7200000000000	62.5941201348847
15.7600000000000	62.7800041879292
15.8000000000000	62.9723294474281
15.8400000000000	63.1667274237188
15.8800000000000	63.3626911028583
15.9200000000000	63.5601692128962
15.9600000000000	63.7591769699676
16	63.9597390309156
16.0400000000000	64.1618816409860
16.0800000000000	64.3656315705409
16.1200000000000	64.5710159771010
16.1600000000000	64.7780623923227
16.2000000000000	64.9867125459914
16.2400000000000	65.1963510518660
16.2800000000000	65.4065956165660
16.3200000000000	65.6172681682126
16.3600000000000	65.8283545521083
16.4000000000000	66.0398604580474
16.4400000000000	66.2517940168885
16.4800000000000	66.4641636861495
16.5200000000000	66.6769779905364
16.5600000000000	66.8902454902907
16.6000000000000	67.1039575966099
16.6400000000000	67.3181162356032
16.6800000000000	67.5326968223658
16.7200000000000	67.7476575593770
16.7600000000000	67.9629640877390
16.8000000000000	68.1786163341464
16.8400000000000	68.2721759196470
16.8800000000000	68.2750224624079
16.9200000000000	68.3554912365386
16.9600000000000	68.3481493066738
17	68.3252079928912
17.0400000000000	68.2977110851116
17.0800000000000	68.2682639650052
17.1200000000000	68.2378689588697
17.1600000000000	68.2069902451554
17.2000000000000	68.1758618568447
17.2400000000000	68.1446056505064
17.2800000000000	68.1132929473544
17.3200000000000	68.0819649520387
17.3600000000000	68.0506537045740
17.4000000000000	68.0193605194720
17.4400000000000	67.9880874494264
17.4800000000000	67.9568344723021
17.5200000000000	67.9256015659963
17.5600000000000	67.8943887084380
17.6000000000000	67.8631958775880
17.6400000000000	67.8320230514393
17.6800000000000	67.8008702080164
17.7200000000000	67.7697373253757
17.7600000000000	67.7386243816051
17.8000000000000	67.7075313548243
17.8400000000000	67.6764582231845
17.8800000000000	67.6454049648684
17.9200000000000	67.6143715580902
17.9600000000000	67.5833579810955
18	67.5523642121612
18.0400000000000	67.5213902295954
18.0800000000000	67.4904360117376
18.1200000000000	67.4595015369583
18.1600000000000	67.4285867836593
18.2000000000000	67.3976917302733
18.2400000000000	67.3668163552640
18.2800000000000	67.3359606371263
18.3200000000000	67.3051245543856
18.3600000000000	67.2743080855984
18.4000000000000	67.2435112093520
18.4400000000000	67.2127339042641
18.4800000000000	67.1819761489836
18.5200000000000	67.1512379221895
18.5600000000000	67.1205192025917
18.6000000000000	67.0898199689304
18.6400000000000	67.0591401999764
18.6800000000000	67.0284798745308
18.7200000000000	66.9978389714251
18.7600000000000	66.9672177435534
18.8000000000000	66.9366166691906
18.8400000000000	66.9060362626654
18.8800000000000	66.8754770881428
18.9200000000000	66.8449397875271
18.9600000000000	66.8144251062449
19	66.7839339172326
19.0400000000000	66.7534672428946
19.0800000000000	66.7230262743801
19.1200000000000	66.6926123872430
19.1600000000000	66.6622271524053
19.2000000000000	66.6318723413362
19.2400000000000	66.6015499244940
19.2800000000000	66.5712620623429
19.3200000000000	66.5410110886332
19.3600000000000	66.5107994860823
19.4000000000000	66.4806298550909
19.4400000000000	66.4505048765970
19.4800000000000	66.4204272705968
19.5200000000000	66.3903997521684
19.5600000000000	66.3604249870174
19.6000000000000	66.3305055485834
19.6400000000000	66.3006438786178
19.6800000000000	66.2708422528719
19.7200000000000	66.2411027531552
19.7600000000000	66.2114292925180
19.8000000000000	66.1818287176641
19.8400000000000	66.1523088582394
19.8800000000000	66.1228784367714
19.9200000000000	66.0935471428585
19.9600000000000	66.0643257019451
20	66.0352259354988
20.0400000000000	66.0062608087273
20.0800000000000	65.9774444613188
20.1200000000000	65.9487922161037
20.1600000000000	65.9203205601256
20.2000000000000	65.8920470924589
20.2400000000000	65.8639904333720
20.2800000000000	65.8361700902283
20.3200000000000	65.8086062769830
20.3600000000000	65.7813196863464
20.4000000000000	65.7543328760459
20.4400000000000	65.7276750108004
20.4800000000000	65.7013781359178
20.5200000000000	65.6754754019951
20.5600000000000	65.6500005214882
20.6000000000000	65.6249870987693
20.6400000000000	65.6004678534631
20.6800000000000	65.5764737738666
20.7200000000000	65.5530332540658
20.7600000000000	65.5301712815616
20.8000000000000	65.5079087480428
20.8400000000000	65.4862619513992
20.8800000000000	65.4652423410373
20.9200000000000	65.4448565326836
20.9600000000000	65.4251065874890
21	65.4059905194217
21.0400000000000	65.3875029707226
21.0800000000000	65.3696359818336
21.1200000000000	65.3523797811044
21.1600000000000	65.3357235291860
21.2000000000000	65.3196559697607
21.2400000000000	65.3041659578230
21.2800000000000	65.2892428553226
21.3200000000000	65.2748767990086
21.3600000000000	65.2610588556266
21.4000000000000	65.2477810852174
21.4400000000000	65.2350365349367
21.4800000000000	65.2228191846489
21.5200000000000	65.2111238626809
21.5600000000000	65.1999461464677
21.6000000000000	65.1892822590739
21.6400000000000	65.1791288296383
21.6800000000000	65.1694805342524
21.7200000000000	65.1603317910676
21.7600000000000	65.1516781712374
21.8000000000000	65.1435162964132
21.8400000000000	65.1358435386807
21.8800000000000	65.1286578005368
21.9200000000000	65.1219573563325
21.9600000000000	65.1157407397318
22	65.1100066648689
22.0400000000000	65.1047539717045
22.0800000000000	65.0999815884587
22.1200000000000	65.0956885059050
22.1600000000000	65.0918737597923
22.2000000000000	65.0885364187691
22.2400000000000	65.0856755760025
22.2800000000000	65.0832903432598
22.3200000000000	65.0813798466318
22.3600000000000	65.0799432233541
22.4000000000000	65.0789796193684
22.4400000000000	65.0784881873936
22.4800000000000	65.0784680853539
22.5200000000000	65.0789184750688
22.5600000000000	65.0798385211357
22.6000000000000	65.0812273899655
22.6400000000000	65.0921193850479
22.6800000000000	65.1175038670968
22.7200000000000	65.1471010745946
22.7600000000000	65.1780809022652
22.8000000000000	65.2094407487717
22.8400000000000	65.2408771471167
22.8800000000000	65.2723038176471
22.9200000000000	65.3036966828515
22.9600000000000	65.3350490770991
23	65.3663591841103
23.0400000000000	65.3976265381501
23.0800000000000	65.4288510501019
23.1200000000000	65.4600327360252
23.1600000000000	65.4911716413699
23.2000000000000	65.5222678197771
23.2400000000000	65.5533213271387
23.2800000000000	65.5843322199282
23.3200000000000	65.6153005547326
23.3600000000000	65.6462263881194
23.4000000000000	65.6771097765995
23.4400000000000	65.7079507766170
23.4800000000000	65.7387494445459
23.5200000000000	65.7695058366897
23.5600000000000	65.8002200092810
23.6000000000000	65.8308920184815
23.6400000000000	65.8615219203821
23.6800000000000	65.8921097710032
23.7200000000000	65.9226556262945
23.7600000000000	65.9531595421351
23.8000000000000	65.9836215743338
23.8400000000000	66.0140417786289
23.8800000000000	66.0444202106886
23.9200000000000	66.0747569261106
23.9600000000000	66.1050519804229
24	66.1353054290832
24.0400000000000	66.1655173274793
24.0800000000000	66.1956877309290
24.1200000000000	66.2258166946807
24.1600000000000	66.2559042739127
24.2000000000000	66.2859505237339
24.2400000000000	66.3159554991836
24.2800000000000	66.3459192552316
24.3200000000000	66.3758418467783
24.3600000000000	66.4057233286550
24.4000000000000	66.4355637556236
24.4400000000000	66.4653631823768
24.4800000000000	66.4951216635385
24.5200000000000	66.5248392536635
24.5600000000000	66.5545160072375
24.6000000000000	66.5841519786778
24.6400000000000	66.6137472223327
24.6800000000000	66.6433017924818
24.7200000000000	66.6728157433363
24.7600000000000	66.7022891290388
24.8000000000000	66.7317220036636
24.8400000000000	66.7611144212165
24.8800000000000	66.7904664356352
24.9200000000000	66.8197781007892
24.9600000000000	66.8490494704799
25	66.8782805984405
25.0400000000000	66.9074715383367
25.0800000000000	66.9366223437659
25.1200000000000	66.9657330682580
25.1600000000000	66.9948037652750
25.2000000000000	67.0238344882116
25.2400000000000	66.9173581587478
25.2800000000000	66.7725323901976
25.3200000000000	66.6281738231440
25.3600000000000	66.4840961214989
25.4000000000000	66.3402423602954
25.4400000000000	66.1965953251029
25.4800000000000	66.0531497140531
25.5200000000000	65.9099037545845
25.5600000000000	65.7668567101673
25.6000000000000	65.6240081461078
25.6400000000000	65.4813577152495
25.6800000000000	65.3389050959577
25.7200000000000	65.1966499743245
25.7600000000000	65.0545920391067
25.8000000000000	64.9127309802968
25.8400000000000	64.7710664887222
25.8800000000000	64.6295982559325
25.9200000000000	64.4883259741671
25.9600000000000	64.3472493363448
26	64.2063680360590
26.0400000000000	64.0656733443623
26.0800000000000	63.9251504285659
26.1200000000000	63.7848080316932
26.1600000000000	63.6446518999433
26.2000000000000	63.5046836252535
26.2400000000000	63.3649035030239
26.2800000000000	63.2253114269749
26.3200000000000	63.0859071675675
26.3600000000000	62.9466904580328
26.4000000000000	62.8076610207656
26.4400000000000	62.6688185753614
26.4800000000000	62.5301628410454
26.5200000000000	62.3916935373994
26.5600000000000	62.2534103845774
26.6000000000000	62.1153131033666
26.6400000000000	61.9774014152047
26.6800000000000	61.8396750421829
26.7200000000000	61.7021244858925
26.7600000000000	61.5647422236884
26.8000000000000	61.4275423433810
26.8400000000000	61.2905324413786
26.8800000000000	61.1537150154180
26.9200000000000	61.0170907734224
26.9600000000000	60.8806597982146
27	60.7444219556569
27.0400000000000	60.6083770369638
27.0800000000000	60.4725248080668
27.1200000000000	60.3368650266478
27.1600000000000	60.2013974479833
27.2000000000000	60.0661218269382
27.2400000000000	59.9310379186408
27.2800000000000	59.7961454787090
27.3200000000000	59.6614191101517
27.3600000000000	59.5268104787367
27.4000000000000	59.3923400234797
27.4400000000000	59.2580235881345
27.4800000000000	59.1238681954332
27.5200000000000	58.9898768887123
27.5600000000000	58.8560509192726
27.6000000000000	58.7223907333274
27.6400000000000	58.5888964164575
27.6800000000000	58.4555678933148
27.7200000000000	58.3224050171394
27.7600000000000	58.1894076097863
27.8000000000000	58.0565772437385
27.8400000000000	57.9239137192264
27.8800000000000	57.7914137491294
27.9200000000000	57.6590755946758
27.9600000000000	57.5268983985401
28	57.3948816797721
28.0400000000000	57.2692105731870
28.0800000000000	57.1532066141646
28.1200000000000	57.0424667207761
28.1600000000000	56.9351102112617
28.2000000000000	56.8300778245786
28.2400000000000	56.7266640179715
28.2800000000000	56.6245022817537
28.3200000000000	56.5235110958659
28.3600000000000	56.4236423904298
28.4000000000000	56.3248194312052
28.4400000000000	56.2270432632777
28.4800000000000	56.1303278898858
28.5200000000000	56.0346815198081
28.5600000000000	55.9401090271885
28.6000000000000	55.8466133631658
28.6400000000000	55.7541963646229
28.6800000000000	55.6628592166998
28.7200000000000	55.5726027168157
28.7600000000000	55.4834274251216
28.8000000000000	55.3953337501059
28.8400000000000	55.3083219972479
28.8800000000000	55.2223923966625
28.9200000000000	55.1375451188231
28.9600000000000	55.0537802835353
29	54.9710979650977
29.0400000000000	54.8894981953130
29.0800000000000	54.8089809652901
29.1200000000000	54.7295462265681
29.1600000000000	54.6511938918597
29.2000000000000	54.5739238355830
29.2400000000000	54.4977358942755
29.2800000000000	54.4226298669419
29.3200000000000	54.3485805671834
29.3600000000000	54.2755547319710
29.4000000000000	54.2035314653444
29.4400000000000	54.1325000588451
29.4800000000000	54.0624553440386
29.5200000000000	53.9933951591600
29.5600000000000	53.9253189700063
29.6000000000000	53.8582271199994
29.6400000000000	53.7921204227867
29.6800000000000	53.7269999411436
29.7200000000000	53.6628668671138
29.7600000000000	53.5997224571184
29.8000000000000	53.5375679968875
29.8400000000000	53.4764047825611
29.8800000000000	53.4162341105487
29.9200000000000	53.3570572721313
29.9600000000000	53.2988755506292
30	53.2416902199575
30.0400000000000	53.1855025439317
30.0800000000000	53.1303137759789
30.1200000000000	53.0761251590685
30.1600000000000	53.0229379257615
30.2000000000000	52.9707532983252
30.2400000000000	52.9195724888825
30.2800000000000	52.8693966995814
30.3200000000000	52.8202145102142
30.3600000000000	52.7719901113660
30.4000000000000	52.7247416756029
30.4400000000000	52.6784862986534
30.4800000000000	52.6332341269997
30.5200000000000	52.5889914290220
30.5600000000000	52.5457623080200
30.6000000000000	52.5035496576204
30.6400000000000	52.4623556945325
30.6800000000000	52.4221822555516
30.7200000000000	52.3830309631005
30.7600000000000	52.3449033174886
30.8000000000000	52.3078007483364
30.8400000000000	52.2717246432549
30.8800000000000	52.2366763638618
30.9200000000000	52.2026572547502
30.9600000000000	52.1696686485372
31	52.1377118687323
31.0400000000000	52.1067882313953
31.0800000000000	52.0768990461205
31.1200000000000	52.0480456166478
31.1600000000000	52.0202292412669
31.2000000000000	51.9934512131063
31.2400000000000	51.9677128203590
31.2800000000000	51.9430153464730
31.3200000000000	51.9193600703224
31.3600000000000	51.8967366825118
31.4000000000000	51.8751001265401
31.4400000000000	51.8542822894815
31.4800000000000	51.8341318414896
31.5200000000000	51.8145609376600
31.5600000000000	51.7955226870092
31.6000000000000	51.7769919924194
31.6400000000000	51.7589553442604
31.6800000000000	51.7414053912367
31.7200000000000	51.7243380545701
31.7600000000000	51.7077509946698
31.8000000000000	51.6916427965940
31.8400000000000	51.6760125373966
31.8800000000000	51.6608595563351
31.9200000000000	51.6461833328295
31.9600000000000	51.5550813549408
32	51.5292703484789
32.0400000000000	51.5185686358838
32.0800000000000	51.5132273199881
32.1200000000000	51.5104400670680
32.1600000000000	51.5091313366926
32.2000000000000	51.5087961977188
32.2400000000000	51.5092114911209
32.2800000000000	51.5102882681481
32.3200000000000	51.5119907554646
32.3600000000000	51.5143041619679
32.4000000000000	51.5172219591367
32.4400000000000	51.5207408702895
32.4800000000000	51.5248589005525
32.5200000000000	51.5295745635547
32.5600000000000	51.5348865783348
32.6000000000000	51.5407937507339
32.6400000000000	51.5472949270721
32.6800000000000	51.5543889761096
32.7200000000000	51.5620747820597
32.7600000000000	51.5703512419145
32.8000000000000	51.5792172644512
32.8400000000000	51.5886717698905
32.8800000000000	51.5987136898085
32.9200000000000	51.6093419671456
32.9600000000000	51.6205555562522
33	51.6323534229472
33.0400000000000	51.8183724858859
33.0800000000000	52.0032725845620
33.1200000000000	52.1876995182242
33.1600000000000	52.3719015529920
33.2000000000000	52.5559786245291
33.2400000000000	52.7399752797938
33.2800000000000	52.9239109163227
33.3200000000000	53.1077929976115
33.3600000000000	53.2916859738280
33.4000000000000	53.4756535113985
33.4400000000000	53.6596892092213
33.4800000000000	53.8437895886663
33.5200000000000	54.0279227237472
33.5600000000000	54.2120269958896
33.6000000000000	54.3960655077332
33.6400000000000	54.5800255535282
33.6800000000000	54.7639041182126
33.7200000000000	54.9477020679637
33.7600000000000	55.1313974510410
33.8000000000000	55.3150689012326
33.8400000000000	55.4988223562124
33.8800000000000	55.6826885698591
33.9200000000000	55.8666780558130
33.9600000000000	56.0507958372919
34	56.2350454385891
34.0400000000000	56.4194299717100
34.0800000000000	56.6039524338472
34.1200000000000	56.7886157893126
34.1600000000000	56.9734229922976
34.2000000000000	57.1583769933066
34.2400000000000	57.3434827836194
34.2800000000000	57.5287444119203
34.3200000000000	57.7141562105339
34.3600000000000	57.8997150221318
34.4000000000000	58.0854219390630
34.4400000000000	58.2712793435088
34.4800000000000	58.4572900100447
34.5200000000000	58.6434568326119
34.5600000000000	58.8297827412184
34.6000000000000	59.0162706765032
34.6400000000000	59.2029235820116
34.6800000000000	59.3897444019116
34.7200000000000	59.5767360803862
34.7600000000000	59.7639015615444
34.8000000000000	59.9510560961667
34.8400000000000	60.1382576722355
34.8800000000000	60.3255986278888
34.9200000000000	60.5130931794919
34.9600000000000	60.7007460340628
35	60.8885607164758
35.0400000000000	61.0765406007541
35.0800000000000	61.2646890400040
35.1200000000000	61.4530093831695
35.1600000000000	61.6415049773569
35.2000000000000	61.8301791682888
35.2400000000000	62.0190353005137
35.2800000000000	62.2080767175801
35.3200000000000	62.3973067622051
35.3600000000000	62.5867287764419
35.4000000000000	62.7763461018447
35.4400000000000	62.9661620796332
35.4800000000000	63.1561640802022
35.5200000000000	63.3463422188838
35.5600000000000	63.5366521994585
35.6000000000000	63.7271152905392
35.6400000000000	63.9177303174288
35.6800000000000	64.1084785516086
35.7200000000000	64.2993494243816
35.7600000000000	64.4903466747280
35.8000000000000	64.6814742296085
35.8400000000000	64.8727360185983
35.8800000000000	65.0641359711259
35.9200000000000	65.2556780166386
35.9600000000000	65.4473660848227
36	65.6392041058233
36.0400000000000	65.8378119698705
36.0800000000000	66.0473363731832
36.1200000000000	66.2571671201499
36.1600000000000	66.4668277228152
36.2000000000000	66.6762526923542
36.2400000000000	66.8854965044543
36.2800000000000	67.0945917727078
36.3200000000000	67.3035378173285
36.3600000000000	67.5123343483619
36.4000000000000	67.7209810741081
36.4400000000000	67.9294777039340
36.4800000000000	68.1378239482651
36.5200000000000	68.3460195185871
36.5600000000000	68.5540641274463
36.6000000000000	68.7619574884503
36.6400000000000	68.9696993162688
36.6800000000000	69.1772893266344
36.7200000000000	69.3847272363434
36.7600000000000	69.5920127632563
36.8000000000000	69.7991388064977
36.8400000000000	70.0060449347511
36.8800000000000	70.2127552211443
36.9200000000000	70.4193124394905
36.9600000000000	70.6257128024480
37	70.8319563111219
37.0400000000000	71.0380426790271
37.0800000000000	71.2439716413284
37.1200000000000	71.4497429328918
37.1600000000000	71.6553562897362
37.2000000000000	71.8608114489456
37.2400000000000	72.0661081486747
37.2800000000000	72.2712069527122
37.3200000000000	72.4760114542082
37.3600000000000	72.6804428682428
37.4000000000000	72.8844884337303
37.4400000000000	73.0881497848248
37.4800000000000	73.2914274763533
37.5200000000000	73.4943221365980
37.5600000000000	73.6968343879786
37.6000000000000	73.8989648520722
37.6400000000000	74.1007141493310
37.6800000000000	74.3020828991043
37.7200000000000	74.5030717196453
37.7600000000000	74.7036812281172
37.8000000000000	74.9039120406008
37.8400000000000	75.1037647721006
37.8800000000000	75.3032400365515
37.9200000000000	75.5023384468257
37.9600000000000	75.7010606147388
38	75.8994071510561
38.0400000000000	76.0973786654995
38.0800000000000	76.2949757667529
38.1200000000000	76.4921990624691
38.1600000000000	76.6890491592755
38.2000000000000	76.8855056182122
38.2400000000000	77.0813901344391
38.2800000000000	77.2767329354100
38.3200000000000	77.4717479054660
38.3600000000000	77.6663205048300
38.4000000000000	77.8605122648266
38.4400000000000	78.0542925506085
38.4800000000000	78.2476778340724
38.5200000000000	78.4406610806168
38.5600000000000	78.6332467042569
38.6000000000000	78.8254336747744
38.6400000000000	79.0172234867097
38.6800000000000	79.2086164902486
38.7200000000000	79.3996135398268
38.7600000000000	79.5902152713458
38.8000000000000	79.7804224113276
38.8400000000000	79.9702356479279
38.8800000000000	80.1596556834245
38.9200000000000	80.3486832133907
38.9600000000000	80.5373189347532
39	80.7255635427543
39.0400000000000	80.8420668196626
39.0800000000000	80.8864810210190
39.1200000000000	81.1005037612066
39.1600000000000	81.1856392036403
39.2000000000000	81.2182233549081
39.2400000000000	81.2378111648222
39.2800000000000	81.2554369039122
39.3200000000000	81.2725198100483
39.3600000000000	81.2894294232223
39.4000000000000	81.3062719209210
39.4400000000000	81.3230786363658
39.4800000000000	81.3398589057252
39.5200000000000	81.3566155331772
39.5600000000000	81.3733493761670
39.6000000000000	81.3900607109721
39.6400000000000	81.4067496401691
39.6800000000000	81.4234162143553
39.7200000000000	81.4400604685453
39.7600000000000	81.4566824330625
39.8000000000000	81.4732821368012
39.8400000000000	81.4898596082050
39.8800000000000	81.5064148755598
39.9200000000000	81.5229479670820
39.9600000000000	81.5394589109451
40	81.5559477352876
40.0400000000000	81.5724144682152
40.0800000000000	81.5888591378022
40.1200000000000	81.6052817720908
40.1600000000000	81.6216823990922
40.2000000000000	81.6380610467857
40.2400000000000	81.6544177431194
40.2800000000000	81.6707525160099
40.3200000000000	81.6870653933427
40.3600000000000	81.7033564029715
40.4000000000000	81.7196255727190
40.4400000000000	81.7358729303764
40.4800000000000	81.7520985037038
40.5200000000000	81.7683023204298
40.5600000000000	81.7844844082520
40.6000000000000	81.8006447948366
40.6400000000000	81.8167835078188
40.6800000000000	81.8329005748025
40.7200000000000	81.8489960233605
40.7600000000000	81.8650698810344
40.8000000000000	81.8811221753348
40.8400000000000	81.8971529337413
40.8800000000000	81.9131621837022
40.9200000000000	81.9291499526351
40.9600000000000	81.9451162679264
41	81.9610611569316
41.0400000000000	81.9769846469752
41.0800000000000	81.9928867653507
41.1200000000000	82.0087675393209
41.1600000000000	82.0246269961176
41.2000000000000	82.0404651629418
41.2400000000000	82.0562820669636
41.2800000000000	82.0720777353224
41.3200000000000	82.0878521951266
41.3600000000000	82.1036054734542
41.4000000000000	82.1193375973521
41.4400000000000	82.1350485938367
41.4800000000000	82.1507384898937
41.5200000000000	82.1664073124780
41.5600000000000	82.1820550885142
41.6000000000000	82.1976818448959
41.6400000000000	82.2132876084863
41.6800000000000	82.2288724061180
41.7200000000000	82.2444362645932
41.7600000000000	82.2599792106833
41.8000000000000	82.2755012711295
41.8400000000000	82.2910024726423
41.8800000000000	82.3064828419020
41.9200000000000	82.3219424055582
41.9600000000000	82.3373811902303
42	82.3527992225073
42.0400000000000	82.3681965289480
42.0800000000000	82.3835731360804
42.1200000000000	82.3989290704028
42.1600000000000	82.4142643583829
42.2000000000000	82.4295790264581
42.2400000000000	82.4448731010358
42.2800000000000	82.4601466084931
42.3200000000000	82.4753995751768
42.3600000000000	82.4906320274038
42.4000000000000	82.5058439914606
42.4400000000000	82.5210354936040
42.4800000000000	82.5362065600602
42.5200000000000	82.5513572170257
42.5600000000000	82.5664874906670
42.6000000000000	82.5815974071204
42.6400000000000	82.5966869924923
42.6800000000000	82.6117562728591
42.7200000000000	82.6268052742676
42.7600000000000	82.6418340227341
42.8000000000000	82.6568425442456
42.8400000000000	82.6718308647588
42.8800000000000	82.6867990102009
42.9200000000000	82.7017470064691
42.9600000000000	82.7166748794309
43	82.7315826549241
43.0400000000000	82.7464703587565
43.0800000000000	82.7613380167066
43.1200000000000	82.7761856545228
43.1600000000000	82.7910132979241
43.2000000000000	82.8058209725999
43.2400000000000	82.8206087042099
43.2800000000000	82.8353765183841
43.3200000000000	82.8501244407231
43.3600000000000	82.8648524967980
43.4000000000000	82.8795607121502
43.4400000000000	82.8942491122918
43.4800000000000	82.9089177227053
43.5200000000000	82.9235665688439
43.5600000000000	82.9381956761314
43.6000000000000	82.9528050699619
43.6400000000000	82.9673947757006
43.6800000000000	82.9819648186830
43.7200000000000	82.9965152242155
43.7600000000000	83.0110460175751
43.8000000000000	83.0255572240095
43.8400000000000	83.0400488687373
43.8800000000000	83.0545209769479
43.9200000000000	83.0689735738013
43.9600000000000	83.0834066844286
44	83.0978203339315
44.0400000000000	83.1122145473828
44.0800000000000	83.1265893498260
44.1200000000000	83.1409447662758
44.1600000000000	83.1552808217177
44.2000000000000	83.1695975411082
44.2400000000000	83.1838949493747
44.2800000000000	83.1981730714159
44.3200000000000	83.2124319321014
44.3600000000000	83.2266715562718
44.4000000000000	83.2408919687389
44.4400000000000	83.2550931942858
44.4800000000000	83.2692752576664
44.5200000000000	83.2834381836060
44.5600000000000	83.2975819968013
44.6000000000000	83.3117067219197
44.6400000000000	83.3258123836004
44.6800000000000	83.3398990064537
44.7200000000000	83.3539666150609
44.7600000000000	83.3680152339752
44.8000000000000	83.3820448877206
44.8400000000000	83.3960556007930
44.8800000000000	83.4100473976592
44.9200000000000	83.4240203027579
44.9600000000000	83.4379743404988
45	83.4519095352636
45.0400000000000	83.4658259114050
45.0800000000000	83.4797234932475
45.1200000000000	83.4936023050871
45.1600000000000	83.5074623711915
45.2000000000000	83.5213037157999
45.2400000000000	83.5351263631230
45.2800000000000	83.5489303373434
45.3200000000000	83.5627156626152
45.3600000000000	83.5764823630643
45.4000000000000	83.5902304627883
45.4400000000000	83.6039599858566
45.4800000000000	83.6176709563103
45.5200000000000	83.6313633981624
45.5600000000000	83.6450373353976
45.6000000000000	83.6586927919726
45.6400000000000	83.6723297918158
45.6800000000000	83.6859483588278
45.7200000000000	83.6995485168809
45.7600000000000	83.7131302898193
45.8000000000000	83.7266937014593
45.8400000000000	83.7402387755894
45.8800000000000	83.7537655359696
45.9200000000000	83.7672740063325
45.9600000000000	83.7807642103825
46	83.7942361717961
46.0400000000000	83.8076899142221
46.0800000000000	83.8211254612813
46.1200000000000	83.8345428365667
46.1600000000000	83.8479420636435
46.2000000000000	83.8613231660493
46.2400000000000	83.8746861672936
46.2800000000000	83.8880310908586
46.3200000000000	83.9013579601984
46.3600000000000	83.9146667987398
46.4000000000000	83.9279576298816
46.4400000000000	83.9412304769954
46.4800000000000	83.9544853634247
46.5200000000000	83.9677223124859
46.5600000000000	83.9809413474676
46.6000000000000	83.9941424916308
46.6400000000000	84.0073257682093
46.6800000000000	84.0204912004091
46.7200000000000	84.0336388114091
46.7600000000000	84.0467686243604
46.8000000000000	84.0598806623870
46.8400000000000	84.0729749485854
46.8800000000000	84.0860515060248
46.9200000000000	84.0991103577470
46.9600000000000	84.1121515267666
47	84.1251750360708
47.0400000000000	84.1381809086198
47.0800000000000	84.1511691673464
47.1200000000000	84.1565585410095
47.1600000000000	84.1535657026764
47.2000000000000	84.1462681920987
47.2400000000000	84.1378326016282
47.2800000000000	84.1296961621015
47.3200000000000	84.1226530518398
47.3600000000000	84.1171790055730
47.4000000000000	84.1135639003078
47.4400000000000	84.1119799131224
47.4800000000000	84.1125232734704
47.5200000000000	84.1152423871013
47.5600000000000	84.1201570938703
47.6000000000000	84.1272713973926
47.6400000000000	84.1365813646818
47.6800000000000	84.1480428568784
47.7200000000000	84.1615248447504
47.7600000000000	84.1769166117525
47.8000000000000	84.1941628864807
47.8400000000000	84.2132368728676
47.8800000000000	84.2341229129594
47.9200000000000	84.2568095902726
47.9600000000000	84.2812871478563
48	84.3075465635879
48.0400000000000	84.3355792211585
48.0800000000000	84.3653767831833
48.1200000000000	84.3969311306479
48.1600000000000	84.4302343248968
48.2000000000000	84.4652785787319
48.2400000000000	84.5020562324765
48.2800000000000	84.5405597335249
48.3200000000000	84.5808118963178
48.3600000000000	84.6228777543091
48.4000000000000	84.6668655582343
48.4400000000000	84.7126171178371
48.4800000000000	84.7601259881053
48.5200000000000	84.8095544870386
48.5600000000000	84.8609446023608
48.6000000000000	84.9143055244803
48.6400000000000	84.9696379205112
48.6800000000000	85.0269403686813
48.7200000000000	85.0862109657356
48.7600000000000	85.1474477018767
48.8000000000000	85.2106485412635
48.8400000000000	85.2758114372216
48.8800000000000	85.3429262290092
48.9200000000000	85.1817067767909
48.9600000000000	84.9586636099787
49	84.7404081064622
49.0400000000000	84.5262334317582
49.0800000000000	84.3155830129677
49.1200000000000	84.1082120225832
49.1600000000000	83.9040801780675
49.2000000000000	83.7031760834436
49.2400000000000	83.5054944919985
49.2800000000000	83.3110314065666
49.3200000000000	83.1195243872518
49.3600000000000	82.9310022458742
49.4000000000000	82.7455710692806
49.4400000000000	82.5632651920812
49.4800000000000	82.3840940719331
49.5200000000000	82.2080635235477
49.5600000000000	82.0351696544262
49.6000000000000	81.8653947170746
49.6400000000000	81.6987283852001
49.6800000000000	81.5351651503882
49.7200000000000	81.3746695458276
49.7600000000000	81.2171037438494
49.8000000000000	81.0624460509854
49.8400000000000	80.9107801130166
49.8800000000000	80.7621389814780
49.9200000000000	80.6165344376166
49.9600000000000	80.4739695191846
50	80.3345490688209
50.0400000000000	80.1983219995021
50.0800000000000	80.0652757498711
50.1200000000000	79.9354031129057
50.1600000000000	79.8086990222410
50.2000000000000	79.6851592777479
50.2400000000000	79.5647208768493
50.2800000000000	79.4473496261846
50.3200000000000	79.3330986041877
50.3600000000000	79.2219934661328
50.4000000000000	79.1140292379076
50.4400000000000	79.0091413924423
50.4800000000000	78.9072729253453
50.5200000000000	78.8084173113220
50.5600000000000	78.7125905804016
50.6000000000000	78.6198019251083
50.6400000000000	78.5300532292144
50.6800000000000	78.4433429856588
50.7200000000000	78.3596681214283
50.7600000000000	78.2790350796365
50.8000000000000	78.2014610553880
50.8400000000000	78.1269336923079
50.8800000000000	78.0554420184445
50.9200000000000	77.9869785991889
50.9600000000000	77.9215375991841
51	77.8591139115808
51.0400000000000	77.7997027679783
51.0800000000000	77.7432013422955
51.1200000000000	77.6892807304452
51.1600000000000	77.6377573470687
51.2000000000000	77.5885339035241
51.2400000000000	77.5415588146482
51.2800000000000	77.4968035243122
51.3200000000000	77.4542510851519
51.3600000000000	77.4138904131574
51.4000000000000	77.3757133981335
51.4400000000000	77.3397134503349
51.4800000000000	77.3058847692592
51.5200000000000	77.2742219756476
51.5600000000000	77.2447199262274
51.6000000000000	77.2173736204408
51.6400000000000	77.0491374452121
51.6800000000000	76.9667496334720
51.7200000000000	76.9749742701908
51.7600000000000	77.0204023987494
51.8000000000000	77.0621703581902
51.8400000000000	77.1061064596990
51.8800000000000	77.1520866071468
51.9200000000000	77.2001069622642
51.9600000000000	77.2501640254758
52	77.3022543025820
52.0400000000000	77.3563743040376
52.0800000000000	77.4125205448894
52.1200000000000	77.4706895447168
52.1600000000000	77.5308778275708
52.2000000000000	77.5930819219145
52.2400000000000	77.6572983605623
52.2800000000000	77.7235236806202
52.3200000000000	77.7917544234255
52.3600000000000	77.8619871344870
52.4000000000000	77.9342183634245
52.4400000000000	78.0084446639095
52.4800000000000	78.0846625936048
52.5200000000000	78.1628687141046
52.5600000000000	78.2430595908747
52.6000000000000	78.3252317931928
52.6400000000000	78.4093818940885
52.6800000000000	78.4955064702833
52.7200000000000	78.5836021021313
52.7600000000000	78.6736653735589
52.8000000000000	78.7656928720055
52.8400000000000	78.8596811883637
52.8800000000000	78.9556269169191
52.9200000000000	79.0535266552916
52.9600000000000	79.1533770043747
53	79.2551745682767
53.0400000000000	79.3589159542605
53.0800000000000	79.4645663204292
53.1200000000000	79.5720441816587
53.1600000000000	79.6814876762105
53.2000000000000	79.7928198628682
53.2400000000000	79.9060831855647
53.2800000000000	80.0212452119593
53.3200000000000	80.1383201960743
53.3600000000000	80.2572934734892
53.4000000000000	80.3781681854438
53.4400000000000	80.5009365913064
53.4800000000000	80.6255975634471
53.5200000000000	80.7445606956759
53.5600000000000	80.8678388890633
53.6000000000000	80.9827405528589
53.6400000000000	81.1020916805618
53.6800000000000	81.2198246312364
53.7200000000000	81.3377523535091
53.7600000000000	81.4550629573894
53.8000000000000	81.5720523003879
53.8400000000000	81.6884672639558
53.8800000000000	81.8031792099529
53.9200000000000	81.9156659237824
53.9600000000000	82.0256250601523
54	82.1331383180362
54.0400000000000	82.2381987386438
54.0800000000000	82.3406943052281
54.1200000000000	82.6272355925004
54.1600000000000	82.7720114629072
54.2000000000000	82.8622633990665
54.2400000000000	82.9268317589469
54.2800000000000	82.9810986515951
54.3200000000000	83.0305329682102
54.3600000000000	83.0774721426002
54.4000000000000	83.1226092149117
54.4400000000000	83.1136577086171
54.4800000000000	83.0857316648126
54.5200000000000	83.0525866091101
54.5600000000000	83.0131783912410
54.6000000000000	82.9673384452361
54.6400000000000	82.9150548663374
54.6800000000000	82.8566432564286
54.7200000000000	82.7926509803442
54.7600000000000	82.7225913984298
54.8000000000000	82.6464780498170
54.8400000000000	82.5649755268955
54.8800000000000	82.4781235525958
54.9200000000000	82.3857009801982
54.9600000000000	82.2874661058580
55	82.1834186277174
55.0400000000000	82.0737108346152
55.0800000000000	81.9585602826507
55.1200000000000	81.8384422295028
55.1600000000000	81.7142085428650
55.2000000000000	81.5864490348864
55.2400000000000	81.4555340438619
55.2800000000000	81.3217735184522
55.3200000000000	81.1854330238076
55.3600000000000	81.0467594783384
55.4000000000000	80.9060029527261
55.4400000000000	80.7634253171468
55.4800000000000	80.6193006809010
55.5200000000000	80.4739099785133
55.5600000000000	80.3276204563930
55.6000000000000	80.1807587802568
55.6400000000000	80.0335369008594
55.6800000000000	79.8860955465295
55.7200000000000	79.7385307659180
55.7600000000000	79.5909090681444
55.8000000000000	79.4432772721929
55.8400000000000	79.2956687098993
55.8800000000000	79.1481072079494
55.9200000000000	79.0006100303925
55.9600000000000	78.8531897685457
56	78.7058555915247
56.0400000000000	78.5586141435669
56.0800000000000	78.4114701977691
56.1200000000000	78.2644271373023
56.1600000000000	78.1174893480738
56.2000000000000	77.9706593167930
56.2400000000000	77.8239374302591
56.2800000000000	77.6773234059277
56.3200000000000	77.5308169619127
56.3600000000000	77.3844178169835
56.4000000000000	77.2381256905627
56.4400000000000	77.0919403027239
56.4800000000000	76.9458613741895
56.5200000000000	76.7998886263280
56.5600000000000	76.6540217811520
56.6000000000000	76.5082605613160
56.6400000000000	76.3626046901136
56.6800000000000	76.2170538914758
56.7200000000000	76.0716078899685
56.7600000000000	75.9262664107901
56.8000000000000	75.7810291797695
56.8400000000000	75.6358959233638
56.8800000000000	75.4908663686559
56.9200000000000	75.3459402433524
56.9600000000000	75.2011172757815
57	75.0563971948906
57.0400000000000	74.9117797302443
57.0800000000000	74.7672646120219
57.1200000000000	74.6228515710156
57.1600000000000	74.4785403386281
57.2000000000000	74.3343306468705
57.2400000000000	74.1902222283600
57.2800000000000	74.0462148163183
57.3200000000000	73.9023081445685
57.3600000000000	73.7585019475341
57.4000000000000	73.6147959602359
57.4400000000000	73.4711899182905
57.4800000000000	73.3276835579081
57.5200000000000	73.1842766158901
57.5600000000000	73.0409688296274
57.6000000000000	72.8977599370981
57.6400000000000	72.7546496768656
57.6800000000000	72.6116377880762
57.7200000000000	72.4687240104575
57.7600000000000	72.3259080843162
57.8000000000000	72.1831897505357
57.8400000000000	72.0405687505746
57.8800000000000	71.8980448264646
57.9200000000000	71.7556177208080
57.9600000000000	71.6132871767764
58	71.4710529381081
58.0400000000000	71.3289147491065
58.0800000000000	71.1868723546381
58.1200000000000	71.0449255001302
58.1600000000000	70.9030739315694
58.2000000000000	70.7613173954991
58.2400000000000	70.6196556390183
58.2800000000000	70.4780884097788
58.3200000000000	70.3366154559840
58.3600000000000	70.1952365263865
58.4000000000000	70.0539513702866
58.4400000000000	69.9127597375298
58.4800000000000	69.7716613785055
58.5200000000000	69.6306560441450
58.5600000000000	69.4897434859190
58.6000000000000	69.3489234558368
58.6400000000000	69.2081957064434
58.6800000000000	69.0675599908182
58.7200000000000	68.9270160625731
58.7600000000000	68.7865636758506
58.8000000000000	68.6462025853218
58.8400000000000	68.5059325461848
58.8800000000000	68.3657533141629
58.9200000000000	68.2256646455024
58.9600000000000	68.0856662969713
59	67.9457580258573
59.0400000000000	67.8059395899657
59.0800000000000	67.6662107476181
59.1200000000000	67.5265712576505
59.1600000000000	67.3870208794112
59.2000000000000	67.2475593727594
59.2400000000000	67.1081864980634
59.2800000000000	66.9689020161986
59.3200000000000	66.8297056885461
59.3600000000000	66.6905972769908
59.4000000000000	66.5515765439195
59.4400000000000	66.4126432522194
59.4800000000000	66.2737971652766
59.5200000000000	66.1350380469738
59.5600000000000	65.9963656616891
59.6000000000000	65.8577797742942
59.6400000000000	65.7192801501526
59.6800000000000	65.5808665551180
59.7200000000000	65.4425387555327
59.7600000000000	65.3042965182257
59.8000000000000	65.1661396105113
59.8400000000000	65.0280678001874
59.8800000000000	64.8900808555339
59.9200000000000	64.7521785453108
59.9600000000000	64.6143606387570
60	64.4766269055881
60.0400000000000	64.3389771159954
60.0800000000000	64.2014110406441
60.1200000000000	64.0639284506715
60.1600000000000	63.9265291176856
60.2000000000000	63.7892128137634
60.2400000000000	63.6519793114495
60.2800000000000	63.5148283837542
60.3200000000000	63.3777598041526
60.3600000000000	63.2407733465821
60.4000000000000	63.1038687854417
60.4400000000000	62.9670458955901
60.4800000000000	62.8303044523440
60.5200000000000	62.6936442314770
60.5600000000000	62.5570650092176
60.6000000000000	62.4205665622482
60.6400000000000	62.2841486677032
60.6800000000000	62.1478111031675
60.7200000000000	62.0115536466755
60.7600000000000	61.8753760767089
60.8000000000000	61.7392781721958
60.8400000000000	61.6032597125090
60.8800000000000	61.4673204774644
60.9200000000000	61.3314602473200
60.9600000000000	61.1956788027739
61	61.0599759249632
61.0400000000000	60.9243513954625
61.0800000000000	60.7888049962825
61.1200000000000	60.6533365098686
61.1600000000000	60.5179457190991
61.2000000000000	60.3826324072846
61.2400000000000	60.2473963581658
61.2800000000000	60.1122373559126
61.3200000000000	59.9771551851225
61.3600000000000	59.8421496308193
61.4000000000000	59.7072204784518
61.4400000000000	59.5723675138922
61.4800000000000	59.4375905234351
61.5200000000000	59.3028892937958
61.5600000000000	59.1682636121094
61.6000000000000	59.0337132659288
61.6400000000000	58.8992380432240
61.6800000000000	58.7648377323808
61.7200000000000	58.6305121221988
61.7600000000000	58.4962610018908
61.8000000000000	58.3620841610813
61.8400000000000	58.2279813898052
61.8800000000000	58.0939524785063
61.9200000000000	57.9599972180364
61.9600000000000	57.8261153996539
62	57.6923068150224
62.0400000000000	57.5586862224919
62.0800000000000	57.4272534330634
62.1200000000000	57.2983648813184
62.1600000000000	57.1998137207124
62.2000000000000	57.2200778491526
62.2400000000000	57.3296006647352
62.2800000000000	57.4635249532518
62.3200000000000	57.6069983595235
62.3600000000000	57.7542729032788
62.4000000000000	57.9028849958977
62.4400000000000	58.0517454391080
62.4800000000000	58.2003720528529
62.5200000000000	58.3485882932839
62.5600000000000	58.4963419364582
62.6000000000000	58.6436175686586
62.6400000000000	58.7904099755690
62.6800000000000	58.9367181187861
62.7200000000000	59.0825426682156
62.7600000000000	59.2278849899979
62.8000000000000	59.3727467308942
62.8400000000000	59.5171296474120
62.8800000000000	59.6609891053212
62.9200000000000	59.8042815250467
62.9600000000000	59.9470731098941
63	60.0894018557705
63.0400000000000	60.2312822267185
63.0800000000000	60.3727203598963
63.1200000000000	60.5137194353236
63.1600000000000	60.6542815773013
63.2000000000000	60.7944085292811
63.2400000000000	60.9341018939439
63.2800000000000	61.0733632188112
63.3200000000000	61.2121940268636
63.3600000000000	61.3506737615479
63.4000000000000	61.4888668866187
63.4400000000000	61.6267647053886
63.4800000000000	61.7643644118059
63.5200000000000	61.9016653936683
63.5600000000000	62.0386678562384
63.6000000000000	62.1753723089495
63.6400000000000	62.3117793736609
63.6800000000000	62.4478897129121
63.7200000000000	62.5837040030384
63.7600000000000	62.7192229240860
63.8000000000000	62.8544471560292
63.8400000000000	62.9893644302268
63.8800000000000	63.1240345737832
63.9200000000000	63.2585764659571
63.9600000000000	63.3930294931361
64	63.5274024259673
64.0400000000000	63.6616971511371
64.0800000000000	63.7959139981614
64.1200000000000	63.9300529426141
64.1600000000000	64.0641138794302
64.2000000000000	64.1980966853158
64.2400000000000	64.3320012330753
64.2800000000000	64.4658273949174
64.3200000000000	64.5995750432212
64.3600000000000	64.7332440507156
64.4000000000000	64.8668342905210
64.4400000000000	65.0003456361590
64.4800000000000	65.1337783450880
64.5200000000000	65.2671360454625
64.5600000000000	65.4004086231008
64.6000000000000	65.5335883989412
64.6400000000000	65.6666732856615
64.6800000000000	65.7996626662954
64.7200000000000	65.9325563121878
64.7600000000000	66.0653540978400
64.8000000000000	66.1980559254722
64.8400000000000	66.3306617049908
64.8800000000000	66.4631713486469
64.9200000000000	66.5955847696082
64.9600000000000	66.7279018815743
65	66.8601225986735
65.0400000000000	66.9922468354350
65.0800000000000	67.1242745067806
65.1200000000000	67.2562055280232
65.1600000000000	67.3879899888582
65.2000000000000	67.5195198871662
65.2400000000000	67.6508570861644
65.2800000000000	67.7820755830683
65.3200000000000	67.9131788598857
65.3600000000000	68.0441670517424
65.4000000000000	68.1750401273531
65.4400000000000	68.3057980471442
65.4800000000000	68.4364407714469
65.5200000000000	68.5669682609390
65.5600000000000	68.6973804766693
65.6000000000000	68.8276773800583
65.6400000000000	68.9578589328989
65.6800000000000	69.0879250973553
65.7200000000000	69.2178758359636
65.7600000000000	69.3477111116311
65.8000000000000	69.4774308876360
65.8400000000000	69.6070351276277
65.8800000000000	69.7365237956260
65.9200000000000	69.8658968560210
65.9600000000000	69.9951542735732
66	70.1242960134127
66.0400000000000	70.2533220410396
66.0800000000000	70.3822323223231
66.1200000000000	70.5110110523538
66.1600000000000	70.6396503395208
66.2000000000000	70.7682113918714
66.2400000000000	70.8966988141545
66.2800000000000	71.0251025386405
66.3200000000000	71.1533504262427
66.3600000000000	71.2814057981415
66.4000000000000	71.4092489840684
66.4400000000000	71.5368825615997
66.4800000000000	71.6643065560675
66.5200000000000	71.7915212761256
66.5600000000000	71.9185269996512
66.6000000000000	72.0453240074176
66.6400000000000	72.1719125796042
66.6800000000000	72.2982929961467
66.7200000000000	72.4244655367048
66.7600000000000	72.5504304806660
66.8000000000000	72.6761881071459
66.8400000000000	72.8017386949895
66.8800000000000	72.9270825227719
66.9200000000000	73.0522198687991
66.9600000000000	73.1771510111087
67	73.3018762274711
67.0400000000000	73.4263957953899
67.0800000000000	73.5507099921030
67.1200000000000	73.6748190945832
67.1600000000000	73.7987043997643
67.2000000000000	73.9223391467164
67.2400000000000	74.0457516782861
67.2800000000000	74.1689569616875
67.3200000000000	74.2919522743299
67.3600000000000	74.4147385161069
67.4000000000000	74.5373158601187
67.4400000000000	74.6596846218683
67.4800000000000	74.7818450891673
67.5200000000000	74.9037975547227
67.5600000000000	75.0255423100266
67.6000000000000	75.1470796464780
67.6400000000000	75.2684098551821
67.6800000000000	75.3895332269856
67.7200000000000	75.5104500524712
67.7600000000000	75.6311606219588
67.8000000000000	75.7516652255062
67.8400000000000	75.8719641529086
67.8800000000000	75.9920576936997
67.9200000000000	76.1119461371516
67.9600000000000	76.2316297722754
68	76.3511088878211
68.0400000000000	76.3456292820908
68.0800000000000	76.2446717175466
68.1200000000000	76.2484264851762
68.1600000000000	76.1395977682133
68.2000000000000	76.0093670756413
68.2400000000000	75.8726719935395
68.2800000000000	75.7328655333320
68.3200000000000	75.5913222822890
68.3600000000000	75.4487381332824
68.4000000000000	75.3055090597631
68.4400000000000	75.1618780942169
68.4800000000000	75.0180024658632
68.5200000000000	74.8739865721148
68.5600000000000	74.7299014425015
68.6000000000000	74.5857963348499
68.6400000000000	74.4417057164397
68.6800000000000	74.2976540450826
68.7200000000000	74.1536589040175
68.7600000000000	74.0097329588189
68.8000000000000	73.8658853158547
68.8400000000000	73.7221224872457
68.8800000000000	73.5784490855556
68.9200000000000	73.4348704075208
68.9600000000000	73.2913892269065
69	73.1480073981555
69.0400000000000	73.0047246588073
69.0800000000000	72.8615407469884
69.1200000000000	72.7184554014099
69.1600000000000	72.5754683613653
69.2000000000000	72.4325793667289
69.2400000000000	72.2897881579535
69.2800000000000	72.1470944760684
69.3200000000000	72.0044980626772
69.3600000000000	71.8619986599562
69.4000000000000	71.7195960106521
69.4400000000000	71.5772898580798
69.4800000000000	71.4350799461211
69.5200000000000	71.2929660192218
69.5600000000000	71.1509478223905
69.6000000000000	71.0090251011963
69.6400000000000	70.8671976017667
69.6800000000000	70.7254650707862
69.7200000000000	70.5838272554935
69.7600000000000	70.4422839036803
69.8000000000000	70.3008347636892
69.8400000000000	70.1594795844115
69.8800000000000	70.0182181152855
69.9200000000000	69.8770501062947
69.9600000000000	69.7359753079657
70	69.5949934713664
70.0400000000000	69.4541043481041
70.0800000000000	69.3133076903236
70.1200000000000	69.1726032507055
70.1600000000000	69.0319907824641
70.2000000000000	68.8914700393456
70.2400000000000	68.7510407756265
70.2800000000000	68.6107027461113
70.3200000000000	68.4704557061314
70.3600000000000	68.3302994115423
70.4000000000000	68.1902336187227
70.4400000000000	68.0502580845722
70.4800000000000	67.9103725665096
70.5200000000000	67.7705768224710
70.5600000000000	67.6308706109085
70.6000000000000	67.4912536907875
70.6400000000000	67.3517258215861
70.6800000000000	67.2122867632924
70.7200000000000	67.0729362764031
70.7600000000000	66.9336741219217
70.8000000000000	66.7945000613570
70.8400000000000	66.6554138567210
70.8800000000000	66.5164152705273
70.9200000000000	66.3775040657895
70.9600000000000	66.2386800060195
71	66.0999428552255
71.0400000000000	65.6213470064481
71.0800000000000	65.1430479969801
71.1200000000000	64.6650434908491
71.1600000000000	64.1873311577936
71.2000000000000	63.7099086732283
71.2400000000000	63.2327737182110
71.2800000000000	62.7559239794100
71.3200000000000	62.2793571490731
71.3600000000000	61.8030709249969
71.4000000000000	61.3270630104986
71.4400000000000	60.8513311143878
71.4800000000000	60.3758729509409
71.5200000000000	59.9006862398757
71.5600000000000	59.4257687063286
71.6000000000000	58.9511180808330
71.6400000000000	58.4767320992996
71.6800000000000	58.0026085029979
71.7200000000000	57.5287450385412
71.7600000000000	57.0551394578720
71.8000000000000	56.5817895182509
71.8400000000000	56.1086929822476
71.8800000000000	55.6358476177342
71.9200000000000	55.1632511978818
71.9600000000000	54.6909015011598
72	54.2187963113390
72.0400000000000	53.7469334174973
72.0800000000000	53.2753106140303
72.1200000000000	52.8039257006651
72.1600000000000	52.3327764824794
72.2000000000000	51.8618607699245
72.2400000000000	51.3911763788547
72.2800000000000	50.9207211305612
72.3200000000000	50.4504928518133
72.3600000000000	49.9804893749060
72.4000000000000	49.5107085377145
72.4400000000000	49.0411481837576
72.4800000000000	48.5718061622697
72.5200000000000	48.1026803282820
72.5600000000000	47.6337685427156
72.6000000000000	47.1650686724847
72.6400000000000	46.6965785906142
72.6800000000000	46.2282961763706
72.7200000000000	45.7602193154090
72.7600000000000	45.2923458999374
72.8000000000000	44.8246738289004
72.8400000000000	44.3572010081838
72.8800000000000	43.8899253508437
72.9200000000000	43.4228447773611
72.9600000000000	42.9559572159270
73	42.4892606027594
73.0400000000000	42.0227528824581
73.0800000000000	41.5564320083999
73.1200000000000	41.0902959431812
73.1600000000000	40.6243426591122
73.2000000000000	40.1585701387701
73.2400000000000	39.6929763756198
73.2800000000000	39.2275593747089
73.3200000000000	38.7623171534499
73.3600000000000	38.2972477424996
73.4000000000000	37.8323491867497
73.4400000000000	37.3676195464461
73.4800000000000	36.9030568984540
73.5200000000000	36.4386593376921
73.5600000000000	35.9744249787617
73.6000000000000	35.5103519578004
73.6400000000000	35.0464384345986
73.6800000000000	34.5826825950198
73.7200000000000	34.1190826537782
73.7600000000000	33.6556368576343
73.8000000000000	33.1922831712848
73.8400000000000	32.7290766032525
73.8800000000000	32.2660151965463
73.9200000000000	31.8030970064360
73.9600000000000	31.3403201014715
74	30.8776825646417
74.0400000000000	30.4151824946974
74.0800000000000	29.9528180076630
74.1200000000000	29.4905872385699
74.1600000000000	29.0284883434489
74.2000000000000	28.5665195016260
74.2400000000000	28.1046789183782
74.2800000000000	27.6429648280129
74.3200000000000	27.1813754974529
74.3600000000000	26.7199092304249
74.4000000000000	26.2585643723719
74.4400000000000	25.7973393162376
74.4800000000000	25.3362325093104
74.5200000000000	24.8752424613556
74.5600000000000	24.4143677543285
74.6000000000000	23.9536070540375
74.6400000000000	23.4929591242268
74.6800000000000	23.0324228436838
74.7200000000000	22.5719972271565
74.7600000000000	22.1116814511064
74.8000000000000	21.6514748856498
74.8400000000000	21.1913771344953
74.8800000000000	20.7313880853099
74.9200000000000	20.2715079738325
74.9600000000000	19.8117374663205
75	19.3520777667449
75.0400000000000	18.8925307578557
75.0800000000000	18.4328883439461
75.1200000000000	17.9733363206078
75.1600000000000	17.5138740248290
75.2000000000000	17.0545010401893
75.2400000000000	16.5952172554275
75.2800000000000	16.1360229406738
75.3200000000000	15.6769188478894
75.3600000000000	15.2179063449779
75.4000000000000	14.7589875975197
75.4400000000000	14.3001658190924
75.4800000000000	13.8414456224024
75.5200000000000	13.3828335219862
75.5600000000000	12.9243386707098
75.6000000000000	12.4659739675277
75.6400000000000	12.0077577747251
75.6800000000000	11.5497166750164
75.7200000000000	11.0918900846515
75.7600000000000	10.6343383617785
75.8000000000000	10.1771579382481
75.8400000000000	9.72051174247464
75.8800000000000	9.26469648127458
75.9200000000000	8.81031151316377
75.9600000000000	8.35876471352261
76	7.91134457013983
76.0400000000000	7.46703998691966
76.0800000000000	7.02541021676064
76.1200000000000	6.58613187919742
76.1600000000000	6.14934152431749
76.2000000000000	5.71499362929680
76.2400000000000	5.28320522180592
76.2800000000000	4.85377708840541
76.3200000000000	4.42675724828444
76.3600000000000	4.00191685893911
76.4000000000000	3.58024414998792
76.4400000000000	3.16511502323455
76.4800000000000	2.75619207863058
76.5200000000000	2.35310346028328
76.5600000000000	1.95527763858554
76.6000000000000	1.56195951775766
76.6400000000000	1.17208409986470
76.6800000000000	0.784747103542520
76.7200000000000	0.399178265863516
76.7600000000000	0.0167851983926871
76.8000000000000	-0.0595148543092963
76.8400000000000	0.171682383254180
76.8800000000000	0.0940265965762136
76.9200000000000	0.0170290733348032
76.9600000000000	-0.0592731796628558
77	0.171921888253283
77.0400000000000	0.0942644752614552
77.0800000000000	0.0172648022335877
77.1200000000000	-0.0590395775753118
77.1600000000000	0.172153393154897
77.2000000000000	0.0944944081594293
77.2400000000000	0.0174926571432295
77.2800000000000	-0.0588137784459169
77.3200000000000	0.172377165140446
77.3600000000000	0.0947166606385980
77.4000000000000	0.0177129010350130
77.4400000000000	-0.0585955216749647
77.4800000000000	0.172593462471043
77.5200000000000	0.0949314892075841
77.5600000000000	0.0179257881003715
77.6000000000000	-0.0583845553634640
77.6400000000000	0.172802534785124
77.6800000000000	0.0951391418107910
77.7200000000000	0.0181315640438424
77.7600000000000	-0.0581806360228214
77.8000000000000	0.173004623386159
77.8400000000000	0.0953398581141720
77.8800000000000	0.0183304663662591
77.9200000000000	-0.0579835282941997
77.9600000000000	0.173199961520788
78	0.0955338697814751
78.0400000000000	0.0185227246385033
78.0800000000000	-0.0577930046772298
78.1200000000000	0.173388774647671
78.1600000000000	0.0957214007412805
78.2000000000000	0.0187085607661346
78.2400000000000	-0.0576088452677651
78.2800000000000	0.173571280697387
78.3200000000000	0.0959026674451356
78.3600000000000	0.0188881892451965
78.4000000000000	-0.0574308375043782
78.4400000000000	0.173747690323664
78.4800000000000	0.0960778791170858
78.5200000000000	0.0190618174094966
78.5600000000000	-0.0572587759233089
78.6000000000000	0.173918207146233
78.6400000000000	0.0962472379948863
78.6800000000000	0.0192296456696414
78.7200000000000	-0.0570924619215819
78.7600000000000	0.174083027985594
78.8000000000000	0.0964109395631702
78.8400000000000	0.0193918677441014
78.8800000000000	-0.0569317035280231
78.9200000000000	0.174242343089937
78.9600000000000	0.0965691727788440
79	0.0195486708825722
79.0400000000000	-0.0567763151819101
79.0800000000000	0.174396336354517
79.1200000000000	0.0967221202889655
79.1600000000000	0.0197002360818873
79.2000000000000	-0.0566261175190060
79.2400000000000	0.174545185533694
79.2800000000000	0.0968699586413571
79.3200000000000	0.0198467382947293
79.3600000000000	-0.0564809371647263
79.4000000000000	0.174689062445919
79.4400000000000	0.0970128584881943
79.4800000000000	0.0199883466313825
79.5200000000000	-0.0563406065342058
79.5600000000000	0.174828133171869
79.6000000000000	0.0971509847828052
79.6400000000000	0.0201252245547558
79.6800000000000	-0.0562049636390325
79.7200000000000	0.174962558245982
79.7600000000000	0.0972844969699051
79.8000000000000	0.0202575300689000
79.8400000000000	-0.0560738519004283
79.8800000000000	0.175092492841603
79.9200000000000	0.0974135491694861
79.9600000000000	0.0203854159012382
80	-0.0559471199686613
80.0400000000000	0.175218086949950
80.0800000000000	0.0975382903545734
80.1200000000000	0.0205090296787170
80.1600000000000	-0.0558246215484821
80.2000000000000	0.175339485553113
80.2400000000000	0.0976588645230504
80.2800000000000	0.0206285140980813
80.3200000000000	-0.0557062152303826
80.3600000000000	0.175456828791285
80.4000000000000	0.0977754108637533
80.4400000000000	0.0207440070904687
80.4800000000000	-0.0555917643274860
80.5200000000000	0.175570252124402
80.5600000000000	0.0978880639170228
80.6000000000000	0.0208556419805124
80.6400000000000	-0.0554811367178774
80.6800000000000	0.175679886488407
80.7200000000000	0.0979969537299006
80.7600000000000	0.0209635476401364
80.8000000000000	-0.0553742046921944
80.8400000000000	0.175785858446285
80.8800000000000	0.0981022060061470
80.9200000000000	0.0210678486372187
80.9600000000000	-0.0552708448063047
81	0.175888290334071
81.0400000000000	0.0982039422512529
81.0800000000000	0.0211686653792941
81.1200000000000	-0.0551709377388978
81.1600000000000	0.175987300401974
81.2000000000000	0.0983022799126136
81.2400000000000	0.0212661142524624
81.2800000000000	-0.0550743681538292
81.3200000000000	0.176083002950803
81.3600000000000	0.0983973325150246
81.4000000000000	0.0213603077556604
81.4400000000000	-0.0549810245670589
81.4800000000000	0.176175508463833
81.5200000000000	0.0984892097916561
81.5600000000000	0.0214513546304544
81.6000000000000	-0.0548907992180288
81.6400000000000	0.176264923734275
81.6800000000000	0.0985780178106566
81.7200000000000	0.0215393599864999
81.7600000000000	-0.0548035879453343
81.8000000000000	0.176351351988487
81.8400000000000	0.0986638590975307
81.8800000000000	0.0216244254228148
81.9200000000000	-0.0547192900665437
81.9600000000000	0.176434893005079
82	0.0987468327534342
82.0400000000000	0.0217066491450061
82.0800000000000	-0.0546378082620291
82.1200000000000	0.176515643230038
82.1600000000000	0.0988270345695195
82.2000000000000	0.0217861260785824
82.2400000000000	-0.0545590484626751
82.2800000000000	0.176593695888013
82.3200000000000	0.0989045571374652
82.3600000000000	0.0218629479784860
82.4000000000000	-0.0544829197413348
82.4400000000000	0.176669141089884
82.4800000000000	0.0989794899563168
82.5200000000000	0.0219372035349674
82.5600000000000	-0.0544093342079085
82.6000000000000	0.176742065936743
82.6400000000000	0.0990519195357605
82.6800000000000	0.0220089784759281
82.7200000000000	-0.0543382069079259
82.7600000000000	0.176812554620401
82.8000000000000	0.0991219294959499
82.8400000000000	0.0220783556658442
82.8800000000000	-0.0542694557245121
82.9200000000000	0.176880688520545
82.9600000000000	0.0991896006640016
83	0.0221454152013914
83.0400000000000	-0.0542030012836267
83.0800000000000	0.176946546298645
83.1200000000000	0.0992550111672679
83.1600000000000	0.0222102345038745
83.2000000000000	-0.0541387668624667
83.2400000000000	0.177010203988731
83.2800000000000	0.0993182365234971
83.3200000000000	0.0222728884085740
83.3600000000000	-0.0540766783009262
83.4000000000000	0.177071735085138
83.4400000000000	0.0993793497279832
83.4800000000000	0.0223334492511081
83.5200000000000	-0.0540166639160125
83.5600000000000	0.177131210627325
83.6000000000000	0.0994384213378066
83.6400000000000	0.0223919869509129
83.6800000000000	-0.0539586544191194
83.7200000000000	0.177188699281854
83.7600000000000	0.0994955195532627
83.8000000000000	0.0224485690919352
83.8400000000000	-0.0539025828360617
83.8800000000000	0.177244267421643
83.9200000000000	0.0995507102965713
83.9600000000000	0.0225032610006307
84	-0.0538483844297805
84.0400000000000	0.177297979202563
84.0800000000000	0.0996040572879587
84.1200000000000	0.0225561258213593
84.1600000000000	-0.0537959966256279
84.2000000000000	0.177349896637488
84.2400000000000	0.0996556221191993
84.2800000000000	0.0226072245892617
84.3200000000000	-0.0537453589391476
84.3600000000000	0.177400079667860
84.4000000000000	0.0997054643247017
84.4400000000000	0.0226566163007046
84.4800000000000	-0.0536964129062652
84.5200000000000	0.177448586232876
84.5600000000000	0.0997536414502224
84.6000000000000	0.0227043579813716
84.6400000000000	-0.0536491020158108
84.6800000000000	0.177495472336359
84.7200000000000	0.0998002091192835
84.7600000000000	0.0227505047520830
84.8000000000000	-0.0536033716442936
84.8400000000000	0.177540792111401
84.8800000000000	0.0998452210973744
84.9200000000000	0.0227951098924160
84.9600000000000	-0.0535591689928552
85	0.177584597882836
85.0400000000000	0.0998887293540085
85.0800000000000	0.0228382249022014
85.1200000000000	-0.0535164430263272
85.1600000000000	0.177626940227644
85.2000000000000	0.0999307841227087
85.2400000000000	0.0228798995609672
85.2800000000000	-0.0534751444143247
85.3200000000000	0.177667868033325
85.3600000000000	0.0999714339589888
85.4000000000000	0.0229201819853959
85.4400000000000	-0.0534352254743060
85.4800000000000	0.177707428554327
85.5200000000000	0.100010725796400
85.5600000000000	0.0229591186848651
85.6000000000000	-0.0533966401165341
85.6400000000000	0.177745667466593
85.6800000000000	0.100048705000707
85.7200000000000	0.0229967546151318
85.7600000000000	-0.0533593437908757
85.8000000000000	0.177782628920285
85.8400000000000	0.100085415422248
85.8800000000000	0.0230331332302249
85.9200000000000	-0.0533232934353775
85.9600000000000	0.177818355590741
86	0.100120899446558
86.0400000000000	0.167079345654018
86.0800000000000	0.233433303439201
86.1200000000000	0.299187337850328
86.1600000000000	0.364345995544238
86.2000000000000	0.428913804559996
86.2400000000000	0.492895274099002
86.2800000000000	0.556294894311538
86.3200000000000	0.619288597509928
86.3600000000000	0.682028227966377
86.4000000000000	0.744513627694473
86.4400000000000	0.806744648434459
86.4800000000000	0.868721151667251
86.5200000000000	0.930443008627147
86.5600000000000	0.991910100313225
86.6000000000000	1.05348293064218
86.6400000000000	1.11599332338973
86.6800000000000	1.18009523860661
86.7200000000000	1.24625524233293
86.7600000000000	1.31492558680112
86.8000000000000	1.38646151274035
86.8400000000000	1.46112772290782
86.8800000000000	1.53911149197095
86.9200000000000	1.62053408161955
86.9600000000000	1.70546094757504
87	1.79391096446025
87.0400000000000	1.88586475048204
87.0800000000000	1.98127210787544
87.1200000000000	2.08005857746545
87.1600000000000	2.18213111468278
87.2000000000000	2.28722426834849
87.2400000000000	2.39511003826081
87.2800000000000	2.50568940967764
87.3200000000000	2.61885357364403
87.3600000000000	2.73448747575246
87.4000000000000	2.85247257881881
87.4400000000000	2.97268897534923
87.4800000000000	3.09501697138997
87.5200000000000	3.21933824787051
87.5600000000000	3.34553668985217
87.6000000000000	3.47330884047640
87.6400000000000	3.60232936313988
87.6800000000000	3.73250406084969
87.7200000000000	3.86374260205496
87.7600000000000	3.99595358718559
87.8000000000000	4.12904610226173
87.8400000000000	4.26293078209273
87.8800000000000	4.39752051820150
87.9200000000000	4.53273091197839
87.9600000000000	4.66846920047417
88	4.80436963016166
88.0400000000000	4.94034941776102
88.0800000000000	5.07640185517152
88.1200000000000	5.21250207131729
88.1600000000000	5.34861439816598
88.2000000000000	5.48469716817627
88.2400000000000	5.62070581081557
88.2800000000000	5.75659482759866
88.3200000000000	5.89231903159425
88.3600000000000	6.02783430744093
88.4000000000000	6.16292351309249
88.4400000000000	6.29736467784493
88.4800000000000	6.43119852048901
88.5200000000000	6.56444840717999
88.5600000000000	6.69711754822902
88.6000000000000	6.82919777862046
88.6400000000000	6.96067481021753
88.6800000000000	7.09153135142170
88.7200000000000	7.22174894169508
88.7600000000000	7.35130901461582
88.8000000000000	7.48019349999180
88.8400000000000	7.60838515211560
88.8800000000000	7.73579692549222
88.9200000000000	7.86222456198522
88.9600000000000	7.98769740530900
89	8.11246404344924
89.0400000000000	8.23694213836403
89.0800000000000	8.36142958279458
89.1200000000000	8.48611628396835
89.1600000000000	8.61111950891041
89.2000000000000	8.73650758011749
89.2400000000000	8.86231587694540
89.2800000000000	8.98855768602090
89.3200000000000	9.11523157308313
89.3600000000000	9.24232639330498
89.4000000000000	9.36982469395447
89.4400000000000	9.49770502140940
89.4800000000000	9.62594348151776
89.5200000000000	9.75451479155811
89.5600000000000	9.88339298649512
89.6000000000000	10.0125518905581
89.6400000000000	10.1419062661410
89.6800000000000	10.2713270044818
89.7200000000000	10.4241614494643
89.7600000000000	10.5673680192517
89.8000000000000	10.7045749426637
89.8400000000000	10.8381357700554
89.8800000000000	10.9695515381026
89.9200000000000	11.0997920266925
89.9600000000000	11.2294876890941
90	11.3590486297547
90.0400000000000	11.4887403441939
90.0800000000000	11.6187328259684
90.1200000000000	11.7491327929612
90.1600000000000	11.8800049957929
90.2000000000000	12.0113863682354
90.2400000000000	12.1432954439064
90.2800000000000	12.2757386264698
90.3200000000000	12.4087143628713
90.3600000000000	12.5422159177637
90.4000000000000	12.6762332150171
90.4400000000000	12.8107540576276
90.4800000000000	12.9456915245034
90.5200000000000	13.0572438333786
90.5600000000000	13.1234573289347
90.6000000000000	13.1586934266968
90.6400000000000	13.1724783673166
90.6800000000000	13.1730792917832
90.7200000000000	13.1690349015135
90.7600000000000	13.1628532549807
90.8000000000000	13.1554716376077
90.8400000000000	13.1473415780983
90.8800000000000	13.1387124416263
90.9200000000000	13.1297345488533
90.9600000000000	13.1205042674450
91	13.1110862799958
91.0400000000000	13.1015255825934
91.0800000000000	13.0918543901750
91.1200000000000	13.0820963213346
91.1600000000000	13.0723017300251
91.2000000000000	13.0625084320527
91.2400000000000	13.0527178121343
91.2800000000000	13.0429298757758
91.3200000000000	13.0331446285233
91.3600000000000	13.0233620759629
91.4000000000000	13.0135822237211
91.4400000000000	13.0038050774651
91.4800000000000	12.9940306429030
91.5200000000000	12.9842589257842
91.5600000000000	12.9744899318997
91.6000000000000	12.9647236670823
91.6400000000000	12.9549601372070
91.6800000000000	12.9451993481911
91.7200000000000	12.9354413059946
91.7600000000000	12.9256860166209
91.8000000000000	12.9159334861163
91.8400000000000	12.9061837205709
91.8800000000000	12.8964367261189
91.9200000000000	12.8866925089385
91.9600000000000	12.8769510752528
92	12.8672124313295
92.0400000000000	12.8574765834817
92.0800000000000	12.8477435380680
92.1200000000000	12.8380133014928
92.1600000000000	12.8282858802069
92.2000000000000	12.8185612807074
92.2400000000000	12.8088395095383
92.2800000000000	12.7991205732909
92.3200000000000	12.7894044786040
92.3600000000000	12.7796912321642
92.4000000000000	12.7699808407064
92.4400000000000	12.7602733110141
92.4800000000000	12.7505686499195
92.5200000000000	12.7541671214528
92.5600000000000	12.7834765331181
92.6000000000000	12.8518093493776
92.6400000000000	12.9436146913515
92.6800000000000	13.0511062750521
92.7200000000000	13.1689982284636
92.7600000000000	13.2933660513390
92.8000000000000	13.4215072476715
92.8400000000000	13.5516413284538
92.8800000000000	13.6826268453426
92.9200000000000	13.8137450915014
92.9600000000000	13.9445495804430
93	14.0747663427895
93.0400000000000	14.2042296933711
93.0800000000000	14.3328415114208
93.1200000000000	14.4605456692884
93.1600000000000	14.5873120622848
93.2000000000000	14.7131266660987
93.2400000000000	14.8379853575886
93.2800000000000	14.9618900780469
93.3200000000000	15.0848464521546
93.3600000000000	15.2068623108929
93.4000000000000	15.3279467756903
93.4400000000000	15.4481096910615
93.4800000000000	15.5673612737005
93.5200000000000	15.6857118960631
93.5600000000000	15.8031023872140
93.6000000000000	15.9194839706512
93.6400000000000	16.0349073876696
93.6800000000000	16.1494112311122
93.7200000000000	16.2630231473053
93.7600000000000	16.3757640523628
93.8000000000000	16.4876506895632
93.8400000000000	16.5986971839927
93.8800000000000	16.7089159897640
93.9200000000000	16.8183184686198
93.9600000000000	16.9269152444916
94	17.0347164216853
94.0400000000000	17.1417317199383
94.0800000000000	17.2479705587250
94.1200000000000	17.3534421105252
94.1600000000000	17.4581553350703
94.2000000000000	17.5621190019023
94.2400000000000	17.6653417057248
94.2800000000000	17.7678318772872
94.3200000000000	17.8695977914829
94.3600000000000	17.9706475736896
94.4000000000000	18.0709892049873
94.4400000000000	18.1706305266430
94.4800000000000	18.2695792441048
94.5200000000000	18.3678429306538
94.5600000000000	18.4654290308097
94.6000000000000	18.5623448635469
94.6400000000000	18.6585976253612
94.6800000000000	18.7541505255813
94.7200000000000	18.8489734085860
94.7600000000000	18.9431009152753
94.8000000000000	19.0365176748933
94.8400000000000	19.1290744894170
94.8800000000000	19.2208251524727
94.9200000000000	19.3118268375545
94.9600000000000	19.4021297466303
95	19.4917831871151
95.0400000000000	19.5807977158623
95.0800000000000	19.6691802001283
95.1200000000000	19.7569360800591
95.1600000000000	19.8440826029985
95.2000000000000	19.9306481324572
95.2400000000000	20.0166534799741
95.2800000000000	20.1021127682291
95.3200000000000	20.1869364718375
95.3600000000000	20.2711409216715
95.4000000000000	20.3547680055329
95.4400000000000	20.4378425243602
95.4800000000000	20.5203802366162
95.5200000000000	20.6024828731818
95.5600000000000	20.6841818270837
95.6000000000000	20.7654774583904
95.6400000000000	20.8463715956703
95.6800000000000	20.9268668392666
95.7200000000000	21.0069269170826
95.7600000000000	21.0865757462455
95.8000000000000	21.1659149568598
95.8400000000000	21.2450074057413
95.8800000000000	21.3238868077510
95.9200000000000	21.4025703791273
95.9600000000000	21.4810671324634
96	21.5593879018705
96.0400000000000	21.6375329502665
96.0800000000000	21.7154985178775
96.1200000000000	21.7932830517000
96.1600000000000	21.8708861363759
96.2000000000000	21.9483079432052
96.2400000000000	22.0255489454362
96.2800000000000	22.1025652610919
96.3200000000000	22.1792192560829
96.3600000000000	22.2555680217014
96.4000000000000	22.3316613516299
96.4400000000000	22.4075208029705
96.4800000000000	22.4831561155370
96.5200000000000	22.5585720432605
96.5600000000000	22.6337712206221
96.6000000000000	22.7087553734642
96.6400000000000	22.7835258334838
96.6800000000000	22.8580656731621
96.7200000000000	22.9323539836363
96.7600000000000	23.0064211275044
96.8000000000000	23.0802862836883
96.8400000000000	23.1539572442324
96.8800000000000	23.2274374769924
96.9200000000000	23.3007287932083
96.9600000000000	23.3738323632458
97	23.4467491061776
97.0400000000000	23.5194798402392
97.0800000000000	23.5920253413321
97.1200000000000	23.6643863659323
97.1600000000000	23.7365486339879
97.2000000000000	23.8084806747402
97.2400000000000	23.8802012393975
97.2800000000000	23.9517243425361
97.3200000000000	24.0230555411052
97.3600000000000	24.0941973432097
97.4000000000000	24.1651511470955
97.4400000000000	24.2359179421931
97.4800000000000	24.3064985645667
97.5200000000000	24.3768937906997
97.5600000000000	24.4471043721887
97.6000000000000	24.5171310486806
97.6400000000000	24.5869745527413
97.6800000000000	24.6566356117128
97.7200000000000	24.7261149484377
97.7600000000000	24.7954132815537
97.8000000000000	24.8645313256261
97.8400000000000	24.9334697912165
97.8800000000000	25.0022293849268
97.9200000000000	25.0708108094346
97.9600000000000	25.1392147635239
98	25.2074419421139
98.0400000000000	25.2754930362881
98.0800000000000	25.3433687333212
98.1200000000000	25.4110697167075
98.1600000000000	25.4785966661878
98.2000000000000	25.5459502577762
98.2400000000000	25.6131311637869
98.2800000000000	25.6801400528611
98.3200000000000	25.7468478959711
98.3600000000000	25.8132904256138
98.4000000000000	25.8795215438067
98.4400000000000	25.9455560785547
98.4800000000000	26.0113985702146
98.5200000000000	26.0770508026795
98.5600000000000	26.1425138091164
98.6000000000000	26.2077884136859
98.6400000000000	26.2728753797449
98.6800000000000	26.3377754509018
98.7200000000000	26.4024893625367
98.7600000000000	26.4670178450825
98.8000000000000	26.5313616249805
98.8400000000000	26.5955214249726
98.8800000000000	26.6594979642017
98.9200000000000	26.7232919582559
98.9600000000000	26.7869041191966
99	26.8503351555807
99.0400000000000	26.9135857724822
99.0800000000000	26.9766566715122
99.1200000000000	27.0395485508396
99.1600000000000	27.1022621052107
99.2000000000000	27.1647980259694
99.2400000000000	27.2271570010768
99.2800000000000	27.2893397151309
99.3200000000000	27.3513468493861
99.3600000000000	27.4131790817725
99.4000000000000	27.4748370869151
99.4400000000000	27.5363215361531
99.4800000000000	27.5976330975584
99.5200000000000	27.6587724359552
99.5600000000000	27.7197402129380
99.6000000000000	27.7805370868906
99.6400000000000	27.8411637130044
99.6800000000000	27.9016207432970
99.7200000000000	27.9619088266301
99.7600000000000	28.0220286087277
99.8000000000000	28.0819807321943
99.8400000000000	28.1417658365325
99.8800000000000	28.2013845581610
99.9200000000000	28.2608375304321
99.9600000000000	28.3201253836492
100	28.3792487450840