0	0
3.15544362088405e-30	1.70073310424217e-29
2.66202079000041e-06	1.37190625465834e-05
1.59721247400025e-05	8.23092237619071e-05
8.25226444900128e-05	0.000425131276968438
0.000415275243240065	0.00213602709933515
0.00207903823699032	0.0106106888833431
0.0103978532057416	0.0510544171759170
0.0400000000000000	0.171928308406308
0.0800000000000000	0.290011777810686
0.120000000000000	0.370194953521605
0.160000000000000	0.434736297514111
0.200000000000000	0.498664849469071
0.240000000000000	0.562015921888644
0.280000000000000	0.624986599240686
0.320000000000000	0.687703189127516
0.360000000000000	0.750165534443865
0.400000000000000	0.812373487812446
0.440000000000000	0.874326911597851
0.480000000000000	0.936025677919141
0.520000000000000	0.997469668661126
0.560000000000000	1.05865877548434
0.600000000000000	1.11959269535735
0.640000000000000	1.18011775680036
0.680000000000000	1.24016482254479
0.720000000000000	1.29973732903030
0.760000000000000	1.35883869334875
0.800000000000000	1.41747231326719
0.840000000000000	1.47564156725237
0.880000000000000	1.53334981449687
0.920000000000000	1.59060039494665
0.960000000000000	1.64739662933010
1	1.70369239821593
1.04000000000000	1.75935369937336
1.08000000000000	1.81438613488588
1.12000000000000	1.86879995229449
1.16000000000000	1.92260515928072
1.20000000000000	1.97581153118142
1.24000000000000	2.02842861820840
1.28000000000000	2.08046575238690
1.32000000000000	2.13193205422590
1.36000000000000	2.18283643913281
1.40000000000000	2.23317872706728
1.44000000000000	2.28285159350817
1.48000000000000	2.33183105690319
1.52000000000000	2.38013125145551
1.56000000000000	2.42776589619003
1.60000000000000	2.47474831125193
1.64000000000000	2.52109143340497
1.68000000000000	2.56680783077645
1.72000000000000	2.61190971689267
1.76000000000000	2.65640896404586
1.80000000000000	2.70031711603051
1.84000000000000	2.74364540028491
1.88000000000000	2.78639663013707
1.92000000000000	2.82849961670915
1.96000000000000	2.86994577749065
2	2.91075129361877
2.04000000000000	2.95093175686268
2.08000000000000	2.99050219836533
2.12000000000000	3.02947711563460
2.16000000000000	3.06787049791151
2.20000000000000	3.10569585003168
2.24000000000000	3.14296621488742
2.28000000000000	3.17969419458811
2.32000000000000	3.21589197040938
2.36000000000000	3.25157132161378
2.40000000000000	3.28674364321933
2.44000000000000	3.32141996278625
2.48000000000000	3.35557191450924
2.52000000000000	3.38915402523364
2.56000000000000	3.42218087233167
2.60000000000000	3.45466748259671
2.64000000000000	3.48662827590612
2.68000000000000	3.51807709805608
2.72000000000000	3.54902725137950
2.76000000000000	3.57949152332566
2.80000000000000	3.60948221316354
2.84000000000000	3.63901115695586
2.88000000000000	3.66808975093774
2.92000000000000	3.69672897342146
2.96000000000000	3.72493940533857
3	3.75273124952033
3.04000000000000	3.78011434880945
3.08000000000000	3.80709820308739
3.12000000000000	3.83369198529511
3.16000000000000	3.85990455651833
3.20000000000000	3.88574372383458
3.24000000000000	3.91117805729816
3.28000000000000	3.93620242918169
3.32000000000000	3.96082755915637
3.36000000000000	3.98506374909047
3.40000000000000	4.00892090487667
3.44000000000000	4.03240855683526
3.48000000000000	4.05553587880428
3.52000000000000	4.07831170601746
3.56000000000000	4.10074455186195
3.60000000000000	4.12284262359964
3.64000000000000	4.14461383712883
3.68000000000000	4.16606583085599
3.72000000000000	4.18720597874206
3.76000000000000	4.20804140258172
3.80000000000000	4.22857898356978
3.84000000000000	4.24882537320398
3.88000000000000	4.26878700356992
3.92000000000000	4.28847009704990
3.96000000000000	4.30788067549423
4	4.32702456889078
4.04000000000000	4.34590742356540
4.08000000000000	4.36453470994379
4.12000000000000	4.38291172990276
4.16000000000000	4.40104362373693
4.20000000000000	4.41893537676496
4.24000000000000	4.43659159211903
4.28000000000000	4.45399694334563
4.32000000000000	4.47114585493832
4.36000000000000	4.48804423403938
4.40000000000000	4.50466417753820
4.44000000000000	4.52096928782161
4.48000000000000	4.53696849555023
4.52000000000000	4.55267297062768
4.56000000000000	4.56810217203301
4.60000000000000	4.58326566613751
4.64000000000000	4.59817063394323
4.68000000000000	4.61282235063280
4.72000000000000	4.62722506222483
4.76000000000000	4.64138556668500
4.80000000000000	4.65531043849387
4.84000000000000	4.66898419822834
4.88000000000000	4.68239086677580
4.92000000000000	4.69553882570165
4.96000000000000	4.70843616559062
5	4.72110169256374
5.04000000000000	4.73356579502079
5.08000000000000	4.74583447394180
5.12000000000000	4.75791282634346
5.16000000000000	4.76980449984522
5.20000000000000	4.78148817967413
5.24000000000000	4.79296116284534
5.28000000000000	4.80423024240740
5.32000000000000	4.81530187533428
5.36000000000000	4.82618262190523
5.40000000000000	4.83688173996947
5.44000000000000	4.84740545853285
5.48000000000000	4.85775880317020
5.52000000000000	4.86794657916986
5.56000000000000	4.87797263426670
5.60000000000000	4.88779101967039
5.64000000000000	4.89736897387667
5.68000000000000	4.90671648354910
5.72000000000000	4.91584290884381
5.76000000000000	4.92475703605924
5.80000000000000	4.93346678498632
5.84000000000000	4.94196192284536
5.88000000000000	4.95023773165373
5.92000000000000	4.95830366259962
5.96000000000000	4.96616855367017
6	4.97384068293573
6.04000000000000	4.98132781607947
6.08000000000000	4.98863703157412
6.12000000000000	4.99576002256250
6.16000000000000	5.00269223756383
6.20000000000000	5.00944188030765
6.24000000000000	5.01601662863869
6.28000000000000	5.02242367963440
6.32000000000000	5.02866978991068
6.36000000000000	5.03476131172491
6.40000000000000	5.04070422539675
6.44000000000000	5.04650416849275
6.48000000000000	5.05216646215893
6.52000000000000	5.05769613493259
6.56000000000000	5.06309794432048
6.60000000000000	5.06837639639270
6.64000000000000	5.07353576360947
6.68000000000000	5.07858010107073
6.72000000000000	5.08351326135465
6.76000000000000	5.08833890809122
6.80000000000000	5.09306052839934
6.84000000000000	5.04780843972721
6.88000000000000	4.99862806768626
6.92000000000000	4.95069566811721
6.96000000000000	4.90394619931493
7	4.85827732155966
7.04000000000000	4.81341322993023
7.08000000000000	4.76932034620578
7.12000000000000	4.72597139360235
7.16000000000000	4.68333260938098
7.20000000000000	4.64150080315255
7.24000000000000	4.60039541613449
7.28000000000000	4.55998867983400
7.32000000000000	4.52028896401454
7.36000000000000	4.48133139034060
7.40000000000000	4.44299324018914
7.44000000000000	4.40520316249188
7.48000000000000	4.36791422614650
7.52000000000000	4.33112560215678
7.56000000000000	4.29483778490084
7.60000000000000	4.25905109369552
7.64000000000000	4.22376567123614
7.68000000000000	4.18898148229070
7.72000000000000	4.15469831265503
7.76000000000000	4.12091576837424
7.80000000000000	4.08763327523512
7.84000000000000	4.05485007853342
7.88000000000000	4.02256524311864
7.92000000000000	3.99077765371857
7.96000000000000	3.95948601554442
8	3.92868885517668
8.04000000000000	3.89838452173082
8.08000000000000	3.86856597640093
8.12000000000000	3.83918342836246
8.16000000000000	3.81022131945998
8.20000000000000	3.78167744847087
8.24000000000000	3.75354952247453
8.28000000000000	3.72583515869171
8.32000000000000	3.69853188640637
8.36000000000000	3.67163714896658
8.40000000000000	3.64514830586064
8.44000000000000	3.61906263486441
8.48000000000000	3.59337733425588
8.52000000000000	3.56808952509285
8.56000000000000	3.54319625354926
8.60000000000000	3.51869449330607
8.64000000000000	3.49458114799210
8.68000000000000	3.47085305367045
8.72000000000000	3.44750698136592
8.76000000000000	3.42453963962901
8.80000000000000	3.40194767713178
8.84000000000000	3.37972768529125
8.88000000000000	3.35787620091560
8.92000000000000	3.33638970886884
8.96000000000000	3.31525665202361
9	3.29442855617223
9.04000000000000	3.27389367802444
9.08000000000000	3.25364918728576
9.12000000000000	3.23369224549342
9.16000000000000	3.21402000708417
9.20000000000000	3.19462962044806
9.24000000000000	3.17551822896742
9.28000000000000	3.15668297204058
9.32000000000000	3.13812098608960
9.36000000000000	3.11982940555156
9.40000000000000	3.10180536385276
9.44000000000000	3.08404599436549
9.48000000000000	3.06654843134684
9.52000000000000	3.04930981085913
9.56000000000000	3.03232727167159
9.60000000000000	3.01559795614293
9.64000000000000	2.99911901108451
9.68000000000000	2.98288758860376
9.72000000000000	2.96690084692769
9.76000000000000	2.95115595120614
9.80000000000000	2.93565007429466
9.84000000000000	2.92038039751693
9.88000000000000	2.90534411140632
9.92000000000000	2.89053841642683
9.96000000000000	2.87596052367304
10	2.86160765554923
10.0400000000000	2.84747704642741
10.0800000000000	2.83356594328456
10.1200000000000	2.81987160631882
10.1600000000000	2.80639130954487
10.2000000000000	2.79312234136844
10.2400000000000	2.78006200514012
10.2800000000000	2.76720584431224
10.3200000000000	2.75452621857285
10.3600000000000	2.74201284733202
10.4000000000000	2.72966382183275
10.4400000000000	2.71747724822471
10.4800000000000	2.70545124763126
10.5200000000000	2.69358395621073
10.5600000000000	2.68187352521183
10.6000000000000	2.67031812102358
10.6400000000000	2.65891592521958
10.6800000000000	2.64766513459702
10.7200000000000	2.63656396121035
10.7600000000000	2.62561063239980
10.8000000000000	2.61480339081491
10.8400000000000	2.60414049443309
10.8800000000000	2.59362021657344
10.9200000000000	2.58324084590582
10.9600000000000	2.57300068645544
11	2.56289805760289
11.0400000000000	2.55293129407994
11.0800000000000	2.54309874596106
11.1200000000000	2.53339877865086
11.1600000000000	2.52382977286747
11.2000000000000	2.51439012462213
11.2400000000000	2.50507824519495
11.2800000000000	2.49589256110697
11.3200000000000	2.48683151408873
11.3600000000000	2.47789356104535
11.4000000000000	2.46907717401827
11.4400000000000	2.46038084014372
11.4800000000000	2.45180306160809
11.5200000000000	2.44334235560024
11.5600000000000	2.43499725426084
11.6000000000000	2.42676630462896
11.6400000000000	2.41864806858578
11.6800000000000	2.41064112279578
11.7200000000000	2.40274405864529
11.7600000000000	2.39495548217861
11.8000000000000	2.38727401403177
11.8400000000000	2.37969828936397
11.8800000000000	2.37222695778687
11.9200000000000	2.36485868329175
11.9600000000000	2.35759214417464
12	2.35042603295954
12.0400000000000	2.34335905631975
12.0800000000000	2.33638993499747
12.1200000000000	2.32951740372161
12.1600000000000	2.32274021112414
12.2000000000000	2.31605711965470
12.2400000000000	2.30946690549392
12.2800000000000	2.30296835846520
12.3200000000000	2.29656028194526
12.3600000000000	2.29024149277337
12.4000000000000	2.28401082115945
12.4400000000000	2.27786711059097
12.4800000000000	2.27180921773889
12.5200000000000	2.26583601236250
12.5600000000000	2.25994637721338
12.6000000000000	2.25413920793852
12.6400000000000	2.24841341298256
12.6800000000000	2.24276791348930
12.7200000000000	2.23720164320254
12.7600000000000	2.23171354836621
12.8000000000000	2.22630258762395
12.8400000000000	2.22096773191817
12.8800000000000	2.21570765439637
12.9200000000000	2.21050925960192
12.9600000000000	2.20536721473384
13	2.20028093515965
13.0400000000000	2.19524984174946
13.0800000000000	2.19027336083628
13.1200000000000	2.18535092417632
13.1600000000000	2.18048196890942
13.2000000000000	2.17566593751934
13.2400000000000	2.17090227779428
13.2800000000000	2.16619044278728
13.3200000000000	2.16152989077679
13.3600000000000	2.15692008522720
13.4000000000000	2.15236049474953
13.4400000000000	2.14785059306212
13.4800000000000	2.14338985895139
13.5200000000000	2.13897777623276
13.5600000000000	2.13461383371157
13.6000000000000	2.13029752514413
13.6400000000000	2.12602834919889
13.6800000000000	2.12180580941766
13.7200000000000	2.11762941417694
13.7600000000000	2.11349867664948
13.8000000000000	2.10941311476575
13.8400000000000	2.10537225117573
13.8800000000000	2.10137561321068
13.9200000000000	2.09742273284516
13.9600000000000	2.09351314665908
14	2.08964639579993
14.0400000000000	2.08582202594519
14.0800000000000	2.08203958726482
14.1200000000000	2.07829863438395
14.1600000000000	2.07459872634568
14.2000000000000	2.07093942657406
14.2400000000000	2.06732030283724
14.2800000000000	2.06374092721076
14.3200000000000	2.06020087604101
14.3600000000000	2.05669972990885
14.4000000000000	2.05323707359346
14.4400000000000	2.04981249603622
14.4800000000000	2.04642559030498
14.5200000000000	2.04307595355827
14.5600000000000	2.03976318700989
14.6000000000000	2.03648689589358
14.6400000000000	2.03324668942787
14.6800000000000	2.03004218078118
14.7200000000000	2.05232120828650
14.7600000000000	2.10409591171321
14.8000000000000	2.15530388910572
14.8400000000000	2.20595396405488
14.8800000000000	2.25600554738961
14.9200000000000	2.30535919806773
14.9600000000000	2.35402596882708
15	2.40201980172963
15.0400000000000	2.44935423122292
15.0800000000000	2.49604240006615
15.1200000000000	2.54209707447804
15.1600000000000	2.58753065855168
15.2000000000000	2.63235520797904
15.2400000000000	2.67658244312467
15.2800000000000	2.72022376148546
15.3200000000000	2.76329024957102
15.3600000000000	2.80575434280681
15.4000000000000	2.84755458139201
15.4400000000000	2.88870547711607
15.4800000000000	2.92922293761374
15.5200000000000	2.96912229453584
15.5600000000000	3.00841833147309
15.6000000000000	3.04712531018911
15.6400000000000	3.08525699528499
15.6800000000000	3.12282667740734
15.7200000000000	3.15984719510281
15.7600000000000	3.19633095541321
15.8000000000000	3.23228995329819
15.8400000000000	3.26773578996513
15.8800000000000	3.30267969017980
15.9200000000000	3.33712630873565
15.9600000000000	3.37101598712742
16	3.40434198836816
16.0400000000000	3.43711968289035
16.0800000000000	3.46936381541174
16.1200000000000	3.50108853905341
16.1600000000000	3.53230744713633
16.2000000000000	3.56303360284508
16.2400000000000	3.59327956692926
16.2800000000000	3.62305742359775
16.3200000000000	3.65237880474655
16.3600000000000	3.68125491264821
16.4000000000000	3.70969654121961
16.4400000000000	3.73771409597444
16.4800000000000	3.76531761275760
16.5200000000000	3.79251677535038
16.5600000000000	3.81932093202781
16.6000000000000	3.84573911114259
16.6400000000000	3.87178003580418
16.6800000000000	3.89743944792594
16.7200000000000	3.92268473806876
16.7600000000000	3.94752502753260
16.7810542337158	3.96044074617906
16.7927066482735	3.96754248737231
16.7981549402236	3.97085177396189
16.8000000000000	3.97197084190881
16.8018174092854	3.97320223062903
16.8109044557123	3.98257158124303
16.8400000000000	4.05337565058366
16.8800000000000	4.25478435411792
16.9200000000000	4.55761869437884
16.9600000000000	4.93435525612652
17	5.35861108310984
17.0400000000000	5.80990620974611
17.0800000000000	6.27412303712765
17.1200000000000	6.74039930776940
17.1600000000000	7.20174252695874
17.2000000000000	7.65512054829203
17.2400000000000	8.09889270823106
17.2800000000000	8.53105251066526
17.3200000000000	8.95070575645585
17.3600000000000	9.35874492666817
17.4000000000000	9.75586005121044
17.4400000000000	10.1423638358172
17.4800000000000	10.5172796794148
17.5200000000000	10.8815914936158
17.5600000000000	11.2363354649049
17.6000000000000	11.5822213739002
17.6400000000000	11.9197719877651
17.6800000000000	12.2491149544376
17.7200000000000	12.5697849587416
17.7600000000000	12.8825498114208
17.8000000000000	13.1880275754412
17.8400000000000	13.5018597540888
17.8800000000000	13.7937598157181
17.9200000000000	14.0715382555768
17.9600000000000	14.3393437136720
18	14.6002685933823
18.0400000000000	14.8561182365738
18.0800000000000	15.1079540491661
18.1200000000000	15.3564109411620
18.1600000000000	15.6018764803693
18.2000000000000	15.8445936571578
18.2400000000000	16.0847204384319
18.2800000000000	16.3223645073546
18.3200000000000	16.5576036168635
18.3600000000000	16.7903648873204
18.4000000000000	17.0203956974418
18.4400000000000	17.2479193005063
18.4800000000000	17.4730901521112
18.5200000000000	17.6960107714886
18.5600000000000	17.9167538140835
18.6000000000000	18.1353745833952
18.6400000000000	18.3519181469897
18.6800000000000	18.5664233968456
18.7200000000000	18.7789253747834
18.7600000000000	18.9894566107279
18.8000000000000	19.1980478981491
18.8400000000000	19.4047287479568
18.8800000000000	19.6095276582649
18.9200000000000	19.8124722784107
18.9600000000000	20.0135895120124
19	20.2128513715937
19.0400000000000	20.4100812283652
19.0800000000000	20.6053839873156
19.1200000000000	20.7988603542592
19.1600000000000	20.9905774594087
19.2000000000000	21.1805834686462
19.2400000000000	21.3689157121398
19.2800000000000	21.5556052213497
19.3200000000000	21.7406792698503
19.3600000000000	21.9241628018738
19.4000000000000	22.1060792397181
19.4400000000000	22.2864509435507
19.4800000000000	22.4652994762531
19.5200000000000	22.6426457586442
19.5600000000000	22.8185101628705
19.6000000000000	22.9929125707749
19.6400000000000	23.1658724123093
19.6800000000000	23.3374086924764
19.7200000000000	23.5075400115864
19.7600000000000	23.6762845815412
19.8000000000000	23.8436602396831
19.8400000000000	24.0096844610883
19.8800000000000	24.1742967095365
19.9200000000000	24.3374298618672
19.9600000000000	24.4991647323466
20	24.6591918267565
20.0400000000000	24.8175840711736
20.0800000000000	24.9744961866160
20.1200000000000	25.1300815375625
20.1600000000000	25.2843986178937
20.2000000000000	25.4374855212777
20.2400000000000	25.5893758466524
20.2800000000000	25.7401465329627
20.3200000000000	25.8898608457115
20.3600000000000	26.0385012445723
20.4000000000000	26.1859374993002
20.4400000000000	26.3322758419644
20.4800000000000	26.4775894033961
20.5200000000000	26.6219665209778
20.5600000000000	26.7656104037204
20.6000000000000	26.9085385232469
20.6400000000000	27.0507525225354
20.6800000000000	27.1922375024535
20.7200000000000	27.3329391844705
20.7600000000000	27.4730337822211
20.8000000000000	27.6126276317793
20.8400000000000	27.7517657670134
20.8800000000000	27.8904683925146
20.9200000000000	28.0287585286965
20.9600000000000	28.1666297979791
21	28.3040745867256
21.0400000000000	28.4410911416634
21.0800000000000	28.5776802108990
21.1200000000000	28.7137171740788
21.1600000000000	28.8489357214319
21.2000000000000	28.9835188522387
21.2400000000000	29.1175450124356
21.2800000000000	29.2510433206421
21.3200000000000	29.3840260809898
21.3600000000000	29.5164997986119
21.4000000000000	29.6484464656727
21.4400000000000	29.7798060350029
21.4800000000000	29.9106578003374
21.5200000000000	30.0410409357263
21.5600000000000	30.1709693306698
21.6000000000000	30.3004490735493
21.6400000000000	30.5015082099281
21.6800000000000	30.6688846556384
21.7200000000000	30.8182465179291
21.7600000000000	30.9571174329947
21.8000000000000	31.0899558242351
21.8400000000000	31.2192277147025
21.8800000000000	31.3462727330175
21.9200000000000	31.4718331221970
21.9600000000000	31.5963253494304
22	31.7199852689728
22.0400000000000	31.8429476147468
22.0800000000000	31.9652901683906
22.1200000000000	32.0870585138383
22.1600000000000	32.2082799842016
22.2000000000000	32.3289715450995
22.2400000000000	32.4491442600424
22.2800000000000	32.5688058234884
22.3200000000000	32.6879619993596
22.3600000000000	32.8066174387445
22.4000000000000	32.9247761451225
22.4400000000000	33.0424417393058
22.4800000000000	33.1596176104940
22.5200000000000	33.2763070025282
22.5600000000000	33.3925130632517
22.6000000000000	33.5082388728519
22.6400000000000	33.6234872746060
22.6800000000000	33.7382605099713
22.7200000000000	33.8525609899386
22.7600000000000	33.9663913524278
22.8000000000000	34.0797543528794
22.8400000000000	34.1926528018521
22.8800000000000	34.3050895294854
22.9200000000000	34.4170673653216
22.9600000000000	34.5285891269148
23	34.6396576134650
23.0400000000000	34.7502756023291
23.0800000000000	34.8604458471767
23.1200000000000	34.9701710770861
23.1600000000000	35.0794539961775
23.2000000000000	35.1882837502215
23.2400000000000	35.2966233387962
23.2800000000000	35.4044952322894
23.3200000000000	35.5119174584671
23.3600000000000	35.6189011896078
23.4000000000000	35.7254537907566
23.4400000000000	35.8315335796746
23.4800000000000	35.9370544451645
23.5200000000000	36.0420685024696
23.5600000000000	36.1466122970868
23.6000000000000	36.2507068284127
23.6400000000000	36.3543643625895
23.6800000000000	36.4575925968753
23.7200000000000	36.5604074582108
23.7600000000000	36.6628279356612
23.8000000000000	36.7648513947068
23.8400000000000	36.8664772772838
23.8800000000000	36.9677064125293
23.9200000000000	37.0685403577352
23.9600000000000	37.1689810478264
24	37.2690300589424
24.0400000000000	37.3686963869879
24.0800000000000	37.4680007862723
24.1200000000000	37.5669562882476
24.1600000000000	37.6655704964878
24.2000000000000	37.7638482108521
24.2400000000000	37.8617927774171
24.2800000000000	37.9594067839682
24.3200000000000	38.0566782272286
24.3600000000000	38.1535579969846
24.4000000000000	38.2500716514605
24.4400000000000	38.3462400342891
24.4800000000000	38.4420740942554
24.5200000000000	38.5375800186903
24.5600000000000	38.6327616953496
24.6000000000000	38.7276218955925
24.6400000000000	38.8221628440804
24.6800000000000	38.9163904334766
24.7200000000000	39.0103620435701
24.7600000000000	39.1040929561342
24.8000000000000	39.1975813437414
24.8400000000000	39.2908268422238
24.8800000000000	39.3838298062453
24.9200000000000	39.4765909420947
24.9600000000000	39.5691111263467
25	39.6613913162170
25.0400000000000	39.7534325052077
25.0800000000000	39.8452193196584
25.1200000000000	39.9367586037032
25.1600000000000	40.0281057508304
25.2000000000000	40.1192845291674
25.2400000000000	40.2103049731948
25.2800000000000	40.3011714684636
25.3200000000000	40.3918860694454
25.3600000000000	40.4824498654853
25.4000000000000	40.5728635446943
25.4400000000000	40.6631276273228
25.4800000000000	40.7532425625831
25.5200000000000	40.8432087689188
25.5600000000000	40.9330275086526
25.6000000000000	41.0227021332080
25.6400000000000	41.1122285561165
25.6800000000000	41.2016042548083
25.7200000000000	41.2908283754502
25.7600000000000	41.3799007859764
25.8000000000000	41.4688216664569
25.8400000000000	41.5575913315600
25.8800000000000	41.6462101534557
25.9200000000000	41.7346785282737
25.9600000000000	41.8229968614858
26	41.9111655615280
26.0400000000000	41.9991850370157
26.0800000000000	42.0870018387020
26.1200000000000	42.1745517265268
26.1600000000000	42.2618907976966
26.2000000000000	42.3490398079781
26.2400000000000	42.4360062602974
26.2800000000000	42.5227931102129
26.3200000000000	42.6094017457684
26.3600000000000	42.6958330116108
26.4000000000000	42.7820875622354
26.4400000000000	42.8681659842570
26.4800000000000	42.9540688388821
26.5200000000000	43.0397966767192
26.5600000000000	43.1253500429676
26.6000000000000	43.2107294792481
26.6400000000000	43.2959355242597
26.6800000000000	43.3809687140215
26.7200000000000	43.4658295819702
26.7600000000000	43.5505026425743
26.8000000000000	43.6349834439439
26.8400000000000	43.7192959184970
26.8800000000000	43.8034478906066
26.9200000000000	43.8874420795622
26.9600000000000	43.9712796188641
27	44.0549611466864
27.0400000000000	44.1384871451478
27.0800000000000	44.2218580462861
27.1200000000000	44.3050742652906
27.1600000000000	44.3881362109683
27.2000000000000	44.4710442890552
27.2400000000000	44.5537989032724
27.2800000000000	44.6364004556674
27.3200000000000	44.7188493467286
27.3600000000000	44.8011459754279
27.4000000000000	44.8832907392388
27.4400000000000	44.9652840341484
27.4800000000000	45.0471262546661
27.5200000000000	45.1288177938317
27.5600000000000	45.2103578192797
27.6000000000000	45.2917175214956
27.6400000000000	45.3729078936826
27.6800000000000	45.4539388237548
27.7200000000000	45.5348135219722
27.7600000000000	45.6155332276635
27.8000000000000	45.6960985952514
27.8400000000000	45.7765101041599
27.8800000000000	45.8567681805396
27.9200000000000	45.9368732335622
27.9600000000000	46.0168256662897
28	46.0966258789445
28.0400000000000	46.1750857976384
28.0800000000000	46.2525901967552
28.1200000000000	46.3296922648487
28.1600000000000	46.4065652738402
28.2000000000000	46.4832644190838
28.2400000000000	46.5598075797118
28.2800000000000	46.6362007484188
28.3200000000000	46.7124461123976
28.3600000000000	46.7885446350383
28.4000000000000	46.8644968841287
28.4400000000000	46.9403032985255
28.4800000000000	47.0159642743261
28.5200000000000	47.0914801928149
28.5600000000000	47.1668514295597
28.6000000000000	47.2420783573861
28.6400000000000	47.3171613473556
28.6800000000000	47.3921007690910
28.7200000000000	47.4668969908882
28.7600000000000	47.5415503797565
28.8000000000000	47.6160613014363
28.8400000000000	47.6904301204085
28.8800000000000	47.7646571999017
28.9200000000000	47.8387429018987
28.9600000000000	47.9126875871415
29	47.9864916151380
29.0400000000000	48.0601553441670
29.0800000000000	48.1336791312841
29.1200000000000	48.2070633323271
29.1600000000000	48.2803083019217
29.2000000000000	48.3534143934871
29.2400000000000	48.4263819592410
29.2800000000000	48.4992113502056
29.3200000000000	48.5718784901917
29.3600000000000	48.6443297679629
29.4000000000000	48.7166088090517
29.4400000000000	48.7887305429488
29.4800000000000	48.8606988251657
29.5200000000000	48.9325167268544
29.5600000000000	49.0042044267842
29.6000000000000	49.0757752941503
29.6400000000000	49.1472327989755
29.6800000000000	49.2185779494021
29.7200000000000	49.2898111364461
29.7600000000000	49.3609325956508
29.8000000000000	49.4319425230715
29.8400000000000	49.5028411045284
29.8800000000000	49.5736285230135
29.9200000000000	49.6443049605735
29.9600000000000	49.7148705987903
30	49.7853256189047
30.0400000000000	49.8556702018486
30.0800000000000	49.9259045282535
30.1200000000000	49.9960287784529
30.1600000000000	50.0660431324840
30.2000000000000	50.1359477700880
30.2400000000000	50.2057428707104
30.2800000000000	50.3501881573759
30.3200000000000	50.4573284900410
30.3600000000000	50.5453497940079
30.4000000000000	50.6233885666802
30.4400000000000	50.6959215303405
30.4800000000000	50.7653001492733
30.5200000000000	50.8328249331890
30.5600000000000	50.8992353893562
30.6000000000000	50.9649496246474
30.6400000000000	51.0302057746169
30.6800000000000	51.0951403002038
30.7200000000000	51.1598317255487
30.7600000000000	51.2243253926165
30.8000000000000	51.2886475811481
30.8400000000000	51.3528135999023
30.8800000000000	51.4168324360425
30.9200000000000	51.4807094312492
30.9600000000000	51.5444478236608
31	51.6080496369267
31.0400000000000	51.6715161930598
31.0800000000000	51.7348484083811
31.1200000000000	51.7980469643446
31.1600000000000	51.8611124061653
31.2000000000000	51.9240451997765
31.2400000000000	51.9868457647304
31.2800000000000	52.0495144932081
31.3200000000000	52.1120517659924
31.3600000000000	52.1744455558009
31.4000000000000	52.2366975355494
31.4400000000000	52.2988130022386
31.4800000000000	52.3607950617900
31.5200000000000	52.4226456013610
31.5600000000000	52.4843658296592
31.6000000000000	52.5459565773244
31.6400000000000	52.6074187326083
31.6800000000000	52.6687541836637
31.7200000000000	52.7299645224782
31.7600000000000	52.7910507892710
31.8000000000000	52.8520137116137
31.8400000000000	52.9128538393441
31.8800000000000	52.9735716210220
31.9200000000000	53.0341674472682
31.9600000000000	53.0946376770855
32	53.1549547990394
32.0400000000000	53.2151240849277
32.0800000000000	53.2751543215633
32.1200000000000	53.3350502857815
32.1600000000000	53.3948146554810
32.2000000000000	53.4544490089149
32.2400000000000	53.5139543475990
32.2800000000000	53.5733313700931
32.3200000000000	53.6325806154170
32.3600000000000	53.6917025382116
32.4000000000000	53.7506975481472
32.4400000000000	53.8095660305966
32.4800000000000	53.8683083574857
32.5200000000000	53.9269248929931
32.5600000000000	53.9854159965473
32.6000000000000	54.0437820244046
32.6400000000000	54.1020233304829
32.6800000000000	54.1601402668036
32.7200000000000	54.2181337523035
32.7600000000000	54.2760093679104
32.8000000000000	54.3337673674130
32.8400000000000	54.3914069322062
32.8800000000000	54.4489277755197
32.9200000000000	54.5063298942283
32.9600000000000	54.5636134362633
33	54.6207786297617
33.0400000000000	54.6778257451953
33.0800000000000	54.7347550751232
33.1200000000000	54.7915669233650
33.1600000000000	54.8482615992102
33.2000000000000	54.9048394143225
33.2400000000000	54.9613006810850
33.2800000000000	55.0176457117171
33.3200000000000	55.0738748178048
33.3600000000000	55.1299883100515
33.4000000000000	55.1859864981481
33.4400000000000	55.2418696907057
33.4800000000000	55.2976381952228
33.5200000000000	55.3532921884620
33.5600000000000	55.4088335741044
33.6000000000000	55.4642673336299
33.6400000000000	55.5195965560422
33.6800000000000	55.5748229566156
33.7200000000000	55.6299475399525
33.7600000000000	55.6849709426370
33.8000000000000	55.7398936104033
33.8400000000000	55.7947158897827
33.8800000000000	55.8494380755325
33.9200000000000	55.9040604351917
33.9600000000000	55.9585832218016
34	56.0130066804974
34.0400000000000	56.0673310519277
34.0800000000000	56.1215565740293
34.1200000000000	56.1756834829491
34.1600000000000	56.2297120135258
34.2000000000000	56.2836423995406
34.2400000000000	56.3374748738499
34.2800000000000	56.3912096684567
34.3200000000000	56.4448470145483
34.3600000000000	56.4983871425192
34.4000000000000	56.5518289161782
34.4400000000000	56.6051584309735
34.4800000000000	56.6583796517538
34.5200000000000	56.7114981704674
34.5600000000000	56.7645168073162
34.6000000000000	56.8174370453059
34.6400000000000	56.8702597216784
34.6800000000000	56.9229853614228
34.7200000000000	56.9756143382495
34.7600000000000	57.0281469523304
34.8000000000000	57.0805834678656
34.8400000000000	57.1320908361764
34.8800000000000	57.1822321234631
34.9200000000000	57.2310930088686
34.9600000000000	57.2787521707359
35	57.3252117194858
35.0400000000000	57.3704621842034
35.0800000000000	57.4144785124328
35.1200000000000	57.4573605739454
35.1600000000000	57.4991675469577
35.2000000000000	57.5399275318410
35.2400000000000	57.5796589122475
35.2800000000000	57.6183604609221
35.3200000000000	57.6560315383152
35.3600000000000	57.6926240981456
35.4000000000000	57.7279507402800
35.4400000000000	57.7620993695276
35.4800000000000	57.7951318729614
35.5200000000000	57.8270734061157
35.5600000000000	57.8578898527358
35.6000000000000	57.8875917099170
35.6400000000000	57.9162252614279
35.6800000000000	57.9438077824405
35.7200000000000	57.9703462499100
35.7600000000000	57.9957905332598
35.8000000000000	58.0201372901209
35.8400000000000	58.0434186106759
35.8800000000000	58.0656469414458
35.9200000000000	58.0868281541934
35.9600000000000	58.1069658788997
36	58.1260629778243
36.0400000000000	58.1441220611426
36.0800000000000	58.1611456742204
36.1200000000000	58.1770544380582
36.1600000000000	58.1916944801470
36.2000000000000	58.2051936204959
36.2400000000000	58.2176004401971
36.2800000000000	58.2289530782705
36.3200000000000	58.2393883319223
36.3600000000000	58.2489971172453
36.4000000000000	58.2578120288321
36.4400000000000	58.2658461457344
36.4800000000000	58.2731057042270
36.5200000000000	58.2795945045821
36.5600000000000	58.2853154862809
36.6000000000000	58.2902713072756
36.6400000000000	58.2944645647486
36.6800000000000	58.2978978841288
36.7200000000000	58.3005739588830
36.7600000000000	58.3024955717918
36.8000000000000	58.3036656094073
36.8400000000000	58.3040870742695
36.8800000000000	58.3037630967337
36.9200000000000	58.3026969472044
36.9600000000000	58.3008920491492
37	58.2983519931009
37.0400000000000	58.2950805517888
37.0800000000000	58.2910816965118
37.1200000000000	58.2863596148614
37.1600000000000	58.2809187298924
37.2000000000000	58.2747637208434
37.2400000000000	58.2678995455027
37.2800000000000	58.2603314643130
37.3200000000000	58.2520650662966
37.3600000000000	58.2431062968768
37.4000000000000	58.2334614876464
37.4400000000000	58.2231373881140
37.4800000000000	58.2121411994241
37.5200000000000	58.2004806100050
37.5600000000000	58.1881638330409
37.6000000000000	58.1751996455994
37.6400000000000	58.1615974291597
37.6800000000000	58.1473672111852
37.7200000000000	58.1325197072673
37.7600000000000	58.1170663632244
37.8000000000000	58.1010193963888
37.8400000000000	58.0843918351346
37.8800000000000	58.0671975555152
37.9200000000000	58.0494513136855
37.9600000000000	58.0311687725860
38	58.0123665211899
38.0400000000000	57.9930620844587
38.0800000000000	57.9732744003966
38.1200000000000	57.9530292683788
38.1600000000000	57.9323540842825
38.2000000000000	57.9112738435763
38.2400000000000	57.8898119665463
38.2800000000000	57.8679908820382
38.3200000000000	57.8458324081456
38.3600000000000	57.8233579910207
38.4000000000000	57.8005888420461
38.4400000000000	57.7775460005687
38.4800000000000	57.7542503411928
38.5200000000000	57.7307225394481
38.5600000000000	57.7069830063578
38.6000000000000	57.6830518003634
38.6400000000000	57.6589485237266
38.6800000000000	57.6346922096511
38.7200000000000	57.6103014225204
38.7600000000000	57.5857963765335
38.8000000000000	57.5611957388667
38.8400000000000	57.5365150627237
38.8800000000000	57.5117676520536
38.9200000000000	57.4869651578190
38.9600000000000	57.4621179718935
39	57.4372354798619
39.0400000000000	57.4123268305781
39.0800000000000	57.3874019862903
39.1200000000000	57.3624688147801
39.1600000000000	57.3375330559894
39.2000000000000	57.3125989221382
39.2400000000000	57.2876697127538
39.2800000000000	57.2627525398966
39.3200000000000	57.2378483671597
39.3600000000000	57.2129576797367
39.4000000000000	57.1880804645188
39.4400000000000	57.1632167084136
39.4800000000000	57.1383663983455
39.5200000000000	57.1135295212552
39.5600000000000	57.0887060641002
39.6000000000000	57.0638960138545
39.6400000000000	57.0390993575085
39.6800000000000	57.0143160820689
39.7200000000000	56.9895461745593
39.7600000000000	56.9647896220193
39.8000000000000	56.9400464115050
39.8400000000000	56.9153165300889
39.8800000000000	56.8905999648600
39.9200000000000	56.8658967029232
39.9600000000000	56.8412067314000
40	56.8165300374281
40.0400000000000	56.7918666081614
40.0800000000000	56.7672164307700
40.1200000000000	56.7425794924403
40.1600000000000	56.7179557803746
40.2000000000000	56.6933452817916
40.2400000000000	56.6687479839260
40.2800000000000	56.6441638740285
40.3200000000000	56.6195929393660
40.3600000000000	56.5950351672213
40.4000000000000	56.5704905448934
40.4400000000000	56.5459590596969
40.4800000000000	56.5214406989628
40.5200000000000	56.4969354500378
40.5600000000000	56.4724433002844
40.6000000000000	56.4479642370813
40.6400000000000	56.4234982478227
40.6800000000000	56.3990453199189
40.7200000000000	56.3746054407958
40.7600000000000	56.3501785978953
40.8000000000000	56.3257647786749
40.8400000000000	56.3013639706077
40.8800000000000	56.2769761611829
40.9200000000000	56.2526013379051
40.9600000000000	56.2282394882945
41	56.2038905998871
41.0400000000000	56.1795546602345
41.0800000000000	56.1552316569037
41.1200000000000	56.1309215774775
41.1600000000000	56.1066244095541
41.2000000000000	56.0823401407473
41.2400000000000	56.0580687586861
41.2800000000000	56.0338102510154
41.3200000000000	56.0095646053953
41.3600000000000	55.9853318095012
41.4000000000000	55.9611118510242
41.4400000000000	55.9369047176704
41.4800000000000	55.9127103971615
41.5200000000000	55.8885288772346
41.5600000000000	55.8643601456417
41.6000000000000	55.8402041901505
41.6400000000000	55.8160609985436
41.6800000000000	55.7919305586191
41.7200000000000	55.7678128581902
41.7600000000000	55.7437078850852
41.8000000000000	55.7196156271476
41.8400000000000	55.6955360722361
41.8800000000000	55.6714692082243
41.9200000000000	55.6474150230012
41.9600000000000	55.6233735044705
42	55.5993446405513
42.0400000000000	55.5753284191774
42.0800000000000	55.5513248282978
42.1200000000000	55.5273338558763
42.1600000000000	55.5033554898917
42.2000000000000	55.4793897183379
42.2400000000000	55.4554365292233
42.2800000000000	55.4314959105716
42.3200000000000	55.4075678504211
42.3600000000000	55.3836523368250
42.4000000000000	55.3597493578512
42.4400000000000	55.3358589015825
42.4800000000000	55.3119809561165
42.5200000000000	55.2881155095654
42.5600000000000	55.2642625500562
42.6000000000000	55.2404220657305
42.6400000000000	55.2165940447446
42.6800000000000	55.1927784752696
42.7200000000000	55.1689753454910
42.7600000000000	55.1451846436090
42.8000000000000	55.1214063578384
42.8400000000000	55.0976404764085
42.8800000000000	55.0738869875632
42.9200000000000	55.0501458795607
42.9600000000000	55.0264171406741
43	55.0027007591905
43.0400000000000	54.9789967234117
43.0800000000000	54.9553050216539
43.1200000000000	54.9316256422477
43.1600000000000	54.9079585735381
43.2000000000000	54.8843038038843
43.2400000000000	54.8606613216599
43.2800000000000	54.8370311152530
43.3200000000000	54.8134131730657
43.3600000000000	54.7898074835145
43.4000000000000	54.7662140350302
43.4400000000000	54.7426328160578
43.4800000000000	54.7190638150563
43.5200000000000	54.6955070204992
43.5600000000000	54.6719624208740
43.6000000000000	54.6484300046822
43.6400000000000	54.6249097604397
43.6800000000000	54.6014016766762
43.7200000000000	54.5779057419357
43.7600000000000	54.5544219447761
43.8000000000000	54.5309502737695
43.8400000000000	54.5074907175017
43.8800000000000	54.4840432645729
43.9200000000000	54.4606079035969
43.9600000000000	54.4371846232016
44	54.4137734120288
44.0400000000000	54.3903742587342
44.0800000000000	54.3669871519874
44.1200000000000	54.3436120804718
44.1600000000000	54.3202490328847
44.2000000000000	54.2968979979372
44.2400000000000	54.2735589643541
44.2800000000000	54.2502319208742
44.3200000000000	54.2269168562498
44.3600000000000	54.2036137592471
44.4000000000000	54.1803226186458
44.4400000000000	54.1570434232396
44.4800000000000	54.1337761618356
44.5200000000000	54.1105208232547
44.5600000000000	54.0872773963314
44.6000000000000	54.0640458699137
44.6400000000000	54.0408262328633
44.6800000000000	54.0176184740555
44.7200000000000	53.9944225823790
44.7600000000000	53.9712385467362
44.8000000000000	53.9480663560428
44.8400000000000	53.9249059992281
44.8800000000000	53.9017574652349
44.9200000000000	53.8786207430193
44.9600000000000	53.8554958215510
45	53.8323826898130
45.0400000000000	53.8092813368017
45.0800000000000	53.7861917515269
45.1200000000000	53.7631139230116
45.1600000000000	53.7400478402922
45.2000000000000	53.7169934924186
45.2400000000000	53.6939508684536
45.2800000000000	53.6709199574735
45.3200000000000	53.6479007485679
45.3600000000000	53.6248932308394
45.4000000000000	53.6018973934040
45.4400000000000	53.5789132253908
45.4800000000000	53.5559407159419
45.5200000000000	53.5329798542130
45.5600000000000	53.5100306293723
45.6000000000000	53.4870930306017
45.6400000000000	53.4641670470957
45.6800000000000	53.4412526680621
45.7200000000000	53.4183498827218
45.7600000000000	53.3954586803086
45.8000000000000	53.3725790500693
45.8400000000000	53.3497109812637
45.8800000000000	53.3268544631646
45.9200000000000	53.3040094850577
45.9600000000000	53.2811760362418
46	53.2583541060282
46.0400000000000	53.2355436837415
46.0800000000000	53.2127447587190
46.1200000000000	53.1899573203109
46.1600000000000	53.1671813578800
46.2000000000000	53.1444168608023
46.2400000000000	53.1216638184662
46.2800000000000	53.0989222202732
46.3200000000000	53.0761920556373
46.3600000000000	53.0534733139855
46.4000000000000	53.0307659847571
46.4400000000000	53.0080700574045
46.4800000000000	52.9853855213926
46.5200000000000	52.9627123661990
46.5600000000000	52.9400505813139
46.6000000000000	52.9174001562401
46.6400000000000	52.8947610804931
46.6800000000000	52.8721333436008
46.7200000000000	52.8495169351038
46.7600000000000	52.8269118445554
46.8000000000000	52.8043180615210
46.8400000000000	52.7817355755789
46.8800000000000	52.7591643763197
46.9200000000000	52.7366044533465
46.9600000000000	52.7140557962748
47	52.6915183947327
47.0400000000000	52.6689922383606
47.0800000000000	52.6464773168112
47.1200000000000	52.6239736197497
47.1600000000000	52.6014811368537
47.2000000000000	52.5789998578131
47.2400000000000	52.5565297723300
47.2800000000000	52.5340708701189
47.3200000000000	52.5116242362854
47.3600000000000	52.4891932840781
47.4000000000000	52.4667825729783
47.4400000000000	52.4443986011692
47.4800000000000	52.4220510358285
47.5200000000000	52.3997542431848
47.5600000000000	52.3775291054267
47.6000000000000	52.3554049891184
47.6400000000000	52.3334215757677
47.6800000000000	52.3116301001503
47.7200000000000	52.2900934158729
47.7600000000000	52.2688853894279
47.8000000000000	52.2481169685577
47.8400000000000	52.2279713470474
47.8800000000000	52.2087076627173
47.9200000000000	52.1906779578605
47.9600000000000	52.1743337537295
48	52.1601995701696
48.0400000000000	52.1487902293174
48.0800000000000	52.1405017654491
48.1200000000000	52.1355663186151
48.1600000000000	52.1339463026437
48.2000000000000	52.1353784560120
48.2400000000000	52.1395195165957
48.2800000000000	52.1460667685311
48.3200000000000	52.1548050357289
48.3600000000000	52.1655672238616
48.4000000000000	52.1779443286557
48.4400000000000	52.1919723497712
48.4800000000000	52.2077955420637
48.5200000000000	52.2257429069168
48.5600000000000	52.2459687913472
48.6000000000000	52.2685067689456
48.6400000000000	52.2933694987073
48.6800000000000	52.3205771632714
48.7200000000000	52.3499457441022
48.7600000000000	52.3813496325099
48.8000000000000	52.4149604553392
48.8400000000000	52.4508299573009
48.8800000000000	52.4888909808045
48.9200000000000	52.5293267177578
48.9600000000000	52.5724362184052
49	52.6182026888444
49.0400000000000	52.6665411615815
49.0800000000000	52.7175291371098
49.1200000000000	52.7712475070914
49.1600000000000	52.8277695326108
49.2000000000000	52.8869728125104
49.2400000000000	52.9485396356654
49.2800000000000	53.0124399015077
49.3200000000000	53.0786673267770
49.3600000000000	53.1472345586102
49.4000000000000	53.2182032812397
49.4400000000000	53.2916130629825
49.4800000000000	53.3674898883674
49.5200000000000	53.4458513705615
49.5600000000000	53.5267099239039
49.6000000000000	53.6100746867473
49.6400000000000	53.6959526821370
49.6800000000000	53.7843495161082
49.7200000000000	53.8752697970456
49.7600000000000	53.9687173877299
49.8000000000000	54.0646957123277
49.8400000000000	54.1631642572654
49.8800000000000	54.2640076066149
49.9200000000000	54.3671581846803
49.9600000000000	54.4725906776262
50	54.5803034080338
50.0400000000000	54.6903079177488
50.0800000000000	54.8026231620069
50.1200000000000	54.9172722814537
50.1600000000000	55.0342808107724
50.2000000000000	55.1536756861237
50.2400000000000	55.2754846959929
50.2800000000000	55.3997361778094
50.3200000000000	55.5264588506150
50.3600000000000	55.6556817229545
50.4000000000000	55.7874292956092
50.4400000000000	55.9216821622441
50.4800000000000	56.0584109954749
50.5200000000000	56.1973255920810
50.5600000000000	56.3378469207097
50.6000000000000	56.4796423244387
50.6400000000000	56.6225414392864
50.6800000000000	56.7664589215211
50.7200000000000	56.9113538240852
50.7600000000000	57.0572083576430
50.8000000000000	57.2040168164235
50.8400000000000	57.3517798114520
50.8800000000000	57.5005012692260
50.9200000000000	57.6501868699890
50.9600000000000	57.8008432351383
51	57.9524775044400
51.0400000000000	58.1050971160945
51.0800000000000	58.2587096923780
51.1200000000000	58.4133229802416
51.1600000000000	58.5689376000892
51.2000000000000	58.7254209156190
51.2400000000000	58.8825740062423
51.2800000000000	59.0402911136848
51.3200000000000	59.1985225263920
51.3600000000000	59.3572476947497
51.4000000000000	59.5164612900557
51.4400000000000	59.5699160996207
51.4800000000000	59.7153421694969
51.5200000000000	59.8895176767807
51.5600000000000	60.0720522552611
51.6000000000000	60.2578734845437
51.6400000000000	60.4453487198101
51.6800000000000	60.6340700021082
51.7200000000000	60.8239430324783
51.7600000000000	61.0149535062374
51.8000000000000	61.2071075139785
51.8400000000000	61.4004043327625
51.8800000000000	61.5947151123386
51.9200000000000	61.7899417107684
51.9600000000000	61.9860636828786
52	62.1830809827901
52.0400000000000	62.3809987173185
52.0800000000000	62.5798224852572
52.1200000000000	62.7795487464840
52.1600000000000	62.9801792816455
52.2000000000000	63.1817259637104
52.2400000000000	63.3842034681803
52.2800000000000	63.5876272682953
52.3200000000000	63.7920131386202
52.3600000000000	63.9973770334160
52.4000000000000	64.2037350581936
52.4400000000000	64.4111034644548
52.4800000000000	64.6194986502169
52.5200000000000	64.8288671438764
52.5600000000000	65.0387640266305
52.6000000000000	65.2489284882300
52.6400000000000	65.4593040400634
52.6800000000000	65.6698806340707
52.7200000000000	65.8806597399683
52.7600000000000	66.0916456952223
52.8000000000000	66.3028435560614
52.8400000000000	66.5142585620272
52.8800000000000	66.7258808293197
52.9200000000000	66.9376990057050
52.9600000000000	67.1497775332524
53	67.3621383452220
53.0400000000000	67.5747902607624
53.0800000000000	67.7877393872109
53.1200000000000	68.0009912766021
53.1600000000000	68.2145513743034
53.2000000000000	68.4284053573832
53.2400000000000	68.6424843340664
53.2800000000000	68.8567592085979
53.3200000000000	69.0712239037352
53.3600000000000	69.2858767104023
53.4000000000000	69.5007168465806
53.4400000000000	69.7157437270912
53.4800000000000	69.9309568081661
53.5200000000000	70.1463146022648
53.5600000000000	70.3612382865398
53.6000000000000	70.5752114586251
53.6400000000000	70.7880049076581
53.6800000000000	70.9992248256994
53.7200000000000	71.2088148227763
53.7600000000000	71.4167643790413
53.8000000000000	71.6230617389490
53.8400000000000	71.8275474821076
53.8800000000000	72.0285827160774
53.9200000000000	72.2250807802525
53.9600000000000	72.4168334408163
54	72.6038055299598
54.0400000000000	72.7860114141526
54.0800000000000	72.9638010625142
54.1200000000000	73.1369737944810
54.1600000000000	73.3060107722875
54.2000000000000	73.4711869518878
54.2400000000000	73.6325651611596
54.2800000000000	73.7894123469681
54.3200000000000	74.0815247290752
54.3600000000000	74.2695246089308
54.4000000000000	74.4119910144170
54.4400000000000	74.5292654461039
54.4800000000000	74.6318892411326
54.5200000000000	74.7238576135226
54.5600000000000	74.8074601538670
54.6000000000000	74.8836613512649
54.6400000000000	74.9534203640235
54.6800000000000	75.0160283716512
54.7200000000000	75.0719384466774
54.7600000000000	75.1216049851656
54.8000000000000	75.1651291381813
54.8400000000000	75.2028022744531
54.8800000000000	75.2342253802543
54.9200000000000	75.2587295522805
54.9600000000000	75.2767392858485
55	75.2884686151661
55.0400000000000	75.2941240131427
55.0800000000000	75.2939773570085
55.1200000000000	75.2885931184820
55.1600000000000	75.2789258153664
55.2000000000000	75.2655417504779
55.2400000000000	75.2487747314244
55.2800000000000	75.2288849140375
55.3200000000000	75.2061190800683
55.3600000000000	75.1807354179927
55.4000000000000	75.1530128460038
55.4400000000000	75.1232512632572
55.4800000000000	75.0917656753650
55.5200000000000	75.0588853515042
55.5600000000000	75.0250087642611
55.6000000000000	74.9904841462943
55.6400000000000	74.9555317295312
55.6800000000000	74.9202937417109
55.7200000000000	74.8848645437232
55.7600000000000	74.8493083169636
55.8000000000000	74.8136694876739
55.8400000000000	74.7779790996388
55.8800000000000	74.7422592465153
55.9200000000000	74.7065258027388
55.9600000000000	74.6707902001944
56	74.6350606677328
56.0400000000000	74.5993431096391
56.0800000000000	74.5636417362727
56.1200000000000	74.5279616038240
56.1600000000000	74.4923064349936
56.2000000000000	74.4566763585624
56.2400000000000	74.4210713449105
56.2800000000000	74.3854913644644
56.3200000000000	74.3499363876966
56.3600000000000	74.3144063851256
56.4000000000000	74.2789013273154
56.4400000000000	74.2434211848763
56.4800000000000	74.2079659284639
56.5200000000000	74.1725355287795
56.5600000000000	74.1371299565700
56.6000000000000	74.1017491826275
56.6400000000000	74.0663931777897
56.6800000000000	74.0310619129392
56.7200000000000	73.9957553590042
56.7600000000000	73.9604734869574
56.8000000000000	73.9252162678170
56.8400000000000	73.8899836726458
56.8800000000000	73.8547756725515
56.9200000000000	73.8195922386865
56.9600000000000	73.7844333422477
57	73.7492989544767
57.0400000000000	73.7141890466596
57.0800000000000	73.6791035901266
57.1200000000000	73.6440425562525
57.1600000000000	73.6090059164561
57.2000000000000	73.5739936422004
57.2400000000000	73.5390057049924
57.2800000000000	73.5040420763829
57.3200000000000	73.4691027279668
57.3600000000000	73.4341876313827
57.4000000000000	73.3992967583127
57.4400000000000	73.3644300804829
57.4800000000000	73.3295875696624
57.5200000000000	73.2947691976642
57.5600000000000	73.2599749363444
57.6000000000000	73.2252047576023
57.6400000000000	73.1904586333807
57.6800000000000	73.1557365356653
57.7200000000000	73.1210384364847
57.7600000000000	73.0863643079107
57.8000000000000	73.0517141220577
57.8400000000000	73.0170878510831
57.8800000000000	72.9824854671868
57.9200000000000	72.9479069426114
57.9600000000000	72.9133522496421
58	72.8788213606064
58.0400000000000	72.8443142478742
58.0800000000000	72.8098308838577
58.1200000000000	72.7753712410113
58.1600000000000	72.7409352918316
58.2000000000000	72.7065230088572
58.2400000000000	72.6721343646684
58.2800000000000	72.6377693318877
58.3200000000000	72.6034278831794
58.3600000000000	72.5691099912493
58.4000000000000	72.5348156288450
58.4400000000000	72.5005447687556
58.4800000000000	72.4662973838117
58.5200000000000	72.4320734468852
58.5600000000000	72.3978729308895
58.6000000000000	72.3636958087791
58.6400000000000	72.3295420535498
58.6800000000000	72.2954116382384
58.7200000000000	72.2613045359226
58.7600000000000	72.2272207197212
58.8000000000000	72.1931601627938
58.8400000000000	72.1591228383407
58.8800000000000	72.1251087196031
58.9200000000000	72.0911177798625
58.9600000000000	72.0571499924413
59	72.0232053307020
59.0400000000000	71.9892837680478
59.0800000000000	71.9553852779220
59.1200000000000	71.9215098338083
59.1600000000000	71.8876574092304
59.2000000000000	71.8538279777521
59.2400000000000	71.8200215129774
59.2800000000000	71.7862379885501
59.3200000000000	71.7524773781536
59.3600000000000	71.7187396555116
59.4000000000000	71.6850247943871
59.4400000000000	71.6513327685829
59.4800000000000	71.6176635519412
59.5200000000000	71.5840171183439
59.5600000000000	71.5503934417121
59.6000000000000	71.5167924960064
59.6400000000000	71.4832142552266
59.6800000000000	71.4496586934115
59.7200000000000	71.4161257846393
59.7600000000000	71.3826155030271
59.8000000000000	71.3491278227309
59.8400000000000	71.3156627179456
59.8800000000000	71.2822201629051
59.9200000000000	71.2488001318817
59.9600000000000	71.2154025991867
60	71.1820275391699
60.0400000000000	71.1486749262194
60.0800000000000	71.1153447347621
60.1200000000000	71.0820369392631
60.1600000000000	71.0487515142257
60.2000000000000	71.0154884341915
60.2400000000000	70.9822476737405
60.2800000000000	70.9490292074905
60.3200000000000	70.9158330100974
60.3600000000000	70.8826590562550
60.4000000000000	70.8495073206952
60.4400000000000	70.8163777781873
60.4800000000000	70.7832704035388
60.5200000000000	70.7501851715945
60.5600000000000	70.7171220572370
60.6000000000000	70.6840810353863
60.6400000000000	70.6510620809999
60.6800000000000	70.6180651690728
60.7200000000000	70.5850902746370
60.7600000000000	70.5521373727621
60.8000000000000	70.5192064385546
60.8400000000000	70.4862974471584
60.8800000000000	70.4534103737540
60.9200000000000	70.4205451935593
60.9600000000000	70.3877018818288
61	70.3548804138540
61.0400000000000	70.3220807649630
61.0800000000000	70.2893029105209
61.1200000000000	70.2565468259290
61.1600000000000	70.2238124866254
61.2000000000000	70.1910998680848
61.2400000000000	70.1584089458179
61.2800000000000	70.1257396953723
61.3200000000000	70.0930920923314
61.3600000000000	70.0604661123151
61.4000000000000	70.0278617309793
61.4400000000000	69.9952789240161
61.4800000000000	69.9627176671536
61.5200000000000	69.9301779361557
61.5600000000000	69.8976597068223
61.6000000000000	69.8651629549891
61.6400000000000	69.8326876565276
61.6800000000000	69.8002337873449
61.7200000000000	69.7678013233837
61.7600000000000	69.7353902406224
61.8000000000000	69.7030005150746
61.8400000000000	69.6706321227896
61.8800000000000	69.6382850398520
61.9200000000000	69.6059592423815
61.9600000000000	69.5736547065332
62	69.5413714084973
62.0400000000000	69.5091093244991
62.0800000000000	69.4768684307990
62.1200000000000	69.4446487036922
62.1600000000000	69.4124501195090
62.2000000000000	69.3802726546143
62.2400000000000	69.3481162854079
62.2800000000000	69.3159809883243
62.3200000000000	69.2838667398327
62.3600000000000	69.2517735164367
62.4000000000000	69.2197012946747
62.4400000000000	69.1876500511192
62.4800000000000	69.1556197623774
62.5200000000000	69.1236104050906
62.5600000000000	69.0916219559345
62.6000000000000	69.0596543916189
62.6400000000000	69.0277076888879
62.6800000000000	68.9957818245194
62.7200000000000	68.9638767753255
62.7600000000000	68.9319925181523
62.8000000000000	68.9001290298797
62.8400000000000	68.8682862874212
62.8800000000000	68.8364642677246
62.9200000000000	68.8046629477709
62.9600000000000	68.7728823045749
63	68.7411223151850
63.0400000000000	68.7093829566833
63.0800000000000	68.6776642061849
63.1200000000000	68.6459660408387
63.1600000000000	68.6142884378267
63.2000000000000	68.5826313743644
63.2400000000000	68.5509948277003
63.2800000000000	68.5193787751160
63.3200000000000	68.4877831939265
63.3600000000000	68.4562080614794
63.4000000000000	68.4246533551558
63.4400000000000	68.3931190523691
63.4800000000000	68.3616051305661
63.5200000000000	68.3301115672260
63.5600000000000	68.2986383398609
63.6000000000000	68.2671854260156
63.6400000000000	68.2357528032674
63.6800000000000	68.2043404492262
63.7200000000000	68.1729483415344
63.7600000000000	68.1415764578668
63.8000000000000	68.1102247759306
63.8400000000000	68.0788932734653
63.8800000000000	68.0475819282428
63.9200000000000	68.0162907180669
63.9600000000000	67.9850196207738
64	67.9537686142316
64.0400000000000	67.9225376763405
64.0800000000000	67.8913267850328
64.1200000000000	67.8601359182724
64.1600000000000	67.8289650540553
64.2000000000000	67.7978141704092
64.2400000000000	67.7666832453937
64.2800000000000	67.7355722570996
64.3200000000000	67.7044811836500
64.3600000000000	67.6734100031989
64.4000000000000	67.6423586939322
64.4400000000000	67.6113272340673
64.4800000000000	67.5803156018527
64.5200000000000	67.5493237755683
64.5600000000000	67.5183517335256
64.6000000000000	67.4873994540669
64.6400000000000	67.4564669155658
64.6800000000000	67.4255540964272
64.7200000000000	67.3946609750868
64.7600000000000	67.3637875300114
64.8000000000000	67.3329337396988
64.8400000000000	67.3020995826776
64.8800000000000	67.2712850375073
64.9200000000000	67.2404900827780
64.9600000000000	67.2097146971107
65	67.1789588591571
65.0400000000000	67.1482225475994
65.0800000000000	67.1175057411502
65.1200000000000	67.0868084185530
65.1600000000000	67.0561305585814
65.2000000000000	67.0254721400396
65.2400000000000	66.9948331417619
65.2800000000000	66.9642135426131
65.3200000000000	66.9336133214881
65.3600000000000	66.9030324573121
65.4000000000000	66.8724709290403
65.4400000000000	66.8419287156580
65.4800000000000	66.8114057961805
65.5200000000000	66.7809021496530
65.5600000000000	66.7504177551509
65.6000000000000	66.7199525917790
65.6400000000000	66.6895066386722
65.6800000000000	66.6590798749951
65.7200000000000	66.6286722799419
65.7600000000000	66.5982838327366
65.8000000000000	66.5679145126325
65.8400000000000	66.5375642989126
65.8800000000000	66.5072331708896
65.9200000000000	66.4769211079053
65.9600000000000	66.4466280893309
66	66.4163540945671
66.0400000000000	66.3860991030437
66.0800000000000	66.3558630942199
66.1200000000000	66.3256460475839
66.1600000000000	66.2954479426531
66.2000000000000	66.2652687589740
66.2400000000000	66.2351084761218
66.2800000000000	66.2049670737012
66.3200000000000	66.1748445313453
66.3600000000000	66.1447408287164
66.4000000000000	66.1146559455053
66.4400000000000	66.0845898614319
66.4800000000000	66.0545425562446
66.5200000000000	66.0245140097205
66.5600000000000	65.9945042016651
66.6000000000000	65.9645131119128
66.6400000000000	65.9345407203263
66.6800000000000	65.9045870067968
66.7200000000000	65.8746519512438
66.7600000000000	65.8447355336153
66.8000000000000	65.8148377338875
66.8400000000000	65.7849585320649
66.8800000000000	65.7550979081801
66.9200000000000	65.7252558422940
66.9600000000000	65.6954323144955
67	65.6656273049015
67.0400000000000	65.6358407936571
67.0800000000000	65.6060727609351
67.1200000000000	65.5763231869365
67.1600000000000	65.5465920518897
67.2000000000000	65.5168793360514
67.2400000000000	65.4871850197058
67.2800000000000	65.4575090831648
67.3200000000000	65.4278515067680
67.3600000000000	65.3982122708826
67.4000000000000	65.3685913559034
67.4400000000000	65.3389887422526
67.4800000000000	65.3094044103800
67.5200000000000	65.2798383407628
67.5600000000000	65.2502905139053
67.6000000000000	65.2207609103396
67.6400000000000	65.1912495106246
67.6800000000000	65.1617562953468
67.7200000000000	65.1322812451196
67.7600000000000	65.1028243405837
67.8000000000000	65.0733855624067
67.8400000000000	65.0439648912834
67.8800000000000	65.0145623079355
67.9200000000000	64.9851777931118
67.9600000000000	64.9558113275876
68	64.9264628921656
68.0400000000000	64.8971324676747
68.0800000000000	64.8678200349711
68.1200000000000	64.8385255749373
68.1600000000000	64.8092490684826
68.2000000000000	64.7799904965429
68.2400000000000	64.7507498400808
68.2800000000000	64.7215270800852
68.3200000000000	64.6923221975716
68.3600000000000	64.6631351735818
68.4000000000000	64.6339659891842
68.4400000000000	64.6048146254732
68.4800000000000	64.5756810635699
68.5200000000000	64.5465652846214
68.5600000000000	64.5174672698009
68.6000000000000	64.4883870003079
68.6400000000000	64.4593244573680
68.6800000000000	64.4302796222329
68.7200000000000	64.4012524761801
68.7600000000000	64.3722430005134
68.8000000000000	64.3432511765622
68.8400000000000	64.3142769856819
68.8800000000000	64.2853204092538
68.9200000000000	64.2563814286850
68.9600000000000	64.2274600254082
69	64.1985561808818
69.0400000000000	64.1696698765901
69.0800000000000	64.1408010940428
69.1200000000000	64.1119498147752
69.1600000000000	64.0831160203481
69.2000000000000	64.0542996923478
69.2400000000000	64.0255008123860
69.2800000000000	63.9967193621000
69.3200000000000	63.9679553231521
69.3600000000000	63.9392086772302
69.4000000000000	63.9104794060472
69.4400000000000	63.8817674913415
69.4800000000000	63.8530729148764
69.5200000000000	63.8243956584406
69.5600000000000	63.7957357038475
69.6000000000000	63.7670930329360
69.6400000000000	63.7384676275696
69.6800000000000	63.7098594696369
69.7200000000000	63.6812685410516
69.7600000000000	63.6526948237520
69.8000000000000	63.6241382997014
69.8400000000000	63.5955989508877
69.8800000000000	63.5670767593237
69.9200000000000	63.5385717070469
69.9600000000000	63.5100837761193
70	63.4816129486277
70.0400000000000	63.4531592066833
70.0800000000000	63.4247225324220
70.1200000000000	63.3963029080040
70.1600000000000	63.3679003156142
70.2000000000000	63.3395147374616
70.2400000000000	63.3111461557798
70.2800000000000	63.2827945528266
70.3200000000000	63.2544599108840
70.3600000000000	63.2261422122585
70.4000000000000	63.1978414392805
70.4400000000000	63.1695575743048
70.4800000000000	63.1412905997101
70.5200000000000	63.1130404978993
70.5600000000000	63.0848072512992
70.6000000000000	63.0565908423609
70.6400000000000	63.0283912535590
70.6800000000000	63.0002084673924
70.7200000000000	62.9720424663836
70.7600000000000	62.9438932330790
70.8000000000000	62.9157607500489
70.8400000000000	62.8876449998871
70.8800000000000	62.8595459652114
70.9200000000000	62.8314636286631
70.9600000000000	62.8033979729070
71	62.7708959282384
71.0400000000000	62.7088711828285
71.0800000000000	62.6468832083998
71.1200000000000	62.5849319470402
71.1600000000000	62.5230173409368
71.2000000000000	62.4611393323758
71.2400000000000	62.3992978637424
71.2800000000000	62.3374928775201
71.3200000000000	62.2757243162911
71.3600000000000	62.2139921227355
71.4000000000000	62.1522962396314
71.4400000000000	62.0906366098548
71.4800000000000	62.0290131763790
71.5200000000000	61.9674258822745
71.5600000000000	61.9058746707091
71.6000000000000	61.8443594849472
71.6400000000000	61.7828802683498
71.6800000000000	61.7214369643743
71.7200000000000	61.6600295165744
71.7600000000000	61.5986578685995
71.8000000000000	61.5373219641949
71.8400000000000	61.4760217472012
71.8800000000000	61.4147571615544
71.9200000000000	61.3535281512856
71.9600000000000	61.2923346605207
72	61.2311766334802
72.0400000000000	61.1700540144789
72.0800000000000	61.1089667479260
72.1200000000000	61.0479147783245
72.1600000000000	60.9868980502713
72.2000000000000	60.9259165084569
72.2400000000000	60.8649700976648
72.2800000000000	60.8040587627721
72.3200000000000	60.7431824487484
72.3600000000000	60.6823411006562
72.4000000000000	60.6215346636505
72.4400000000000	60.5607630829786
72.4800000000000	60.5000263039798
72.5200000000000	60.4393242720852
72.5600000000000	60.3786569328178
72.6000000000000	60.3180242317917
72.6400000000000	60.2574261147126
72.6800000000000	60.1968625273771
72.7200000000000	60.1363334156725
72.7600000000000	60.0758387255768
72.8000000000000	60.0153784031586
72.8400000000000	59.9549523945764
72.8800000000000	59.8945606460791
72.9200000000000	59.8342031040050
72.9600000000000	59.7738797147823
73	59.7135904249285
73.0400000000000	59.6533351810503
73.0800000000000	59.5931139298434
73.1200000000000	59.5329266180924
73.1600000000000	59.4727731926705
73.2000000000000	59.4126536005390
73.2400000000000	59.3525677887479
73.2800000000000	59.2925157044349
73.3200000000000	59.2324972948254
73.3600000000000	59.1725125072329
73.4000000000000	59.1125612890578
73.4400000000000	59.0526435877881
73.4800000000000	58.9927593509985
73.5200000000000	58.9329085263509
73.5600000000000	58.8730910615935
73.6000000000000	58.8133069045612
73.6400000000000	58.7535560031751
73.6800000000000	58.6938383054422
73.7200000000000	58.6341537594557
73.7600000000000	58.5745023133941
73.8000000000000	58.5148839155217
73.8400000000000	58.4552985141879
73.8800000000000	58.3957460578274
73.9200000000000	58.3362264949596
73.9600000000000	58.2767397741888
74	58.2172858442039
74.0400000000000	58.1578646537780
74.0800000000000	58.0984761517684
74.1200000000000	58.0391202871164
74.1600000000000	57.9797970088473
74.2000000000000	57.9205062660696
74.2400000000000	57.8612480079757
74.2800000000000	57.8020221838409
74.3200000000000	57.7428287430237
74.3600000000000	57.6836676349655
74.4000000000000	57.6245388091903
74.4400000000000	57.5654422153048
74.4800000000000	57.5063778029979
74.5200000000000	57.4473455220406
74.5600000000000	57.3883453222860
74.6000000000000	57.3293771536690
74.6400000000000	57.2704409662059
74.6800000000000	57.2115367099947
74.7200000000000	57.1526643352146
74.7600000000000	57.0938237921257
74.8000000000000	57.0350150310693
74.8400000000000	56.9762380024671
74.8800000000000	56.9174926568216
74.9200000000000	56.8587789447156
74.9600000000000	56.8000968168120
75	56.7414462238538
75.0400000000000	56.6828271166639
75.0800000000000	56.6242394461449
75.1200000000000	56.5656831632787
75.1600000000000	56.5071582191267
75.2000000000000	56.4486645648294
75.2400000000000	56.3902021516064
75.2800000000000	56.3317709307558
75.3200000000000	56.2733708536548
75.3600000000000	56.2150018717587
75.4000000000000	56.1566639366012
75.4400000000000	56.0983569997943
75.4800000000000	56.0400810130277
75.5200000000000	55.9818359280691
75.5600000000000	55.9236216967636
75.6000000000000	55.8654382710342
75.6400000000000	55.8072856028807
75.6800000000000	55.7491636443802
75.7200000000000	55.6910723476870
75.7600000000000	55.6330116650319
75.8000000000000	55.5749815487224
75.8400000000000	55.5169819511425
75.8800000000000	55.4590128247525
75.9200000000000	55.4010741220889
75.9600000000000	55.3431657957641
76	55.2852877984663
76.0400000000000	55.2274400829594
76.0800000000000	55.1696226020828
76.1200000000000	55.1118353087512
76.1600000000000	55.0540781559545
76.2000000000000	54.9963510967575
76.2400000000000	54.9386540843001
76.2800000000000	54.8809870717966
76.3200000000000	54.8233500125360
76.3600000000000	54.7657428598816
76.4000000000000	54.7081655672710
76.4400000000000	54.6506180882158
76.4800000000000	54.5931003763016
76.5200000000000	54.5356123851876
76.5600000000000	54.4781540686065
76.6000000000000	54.4207253803649
76.6400000000000	54.3633262743421
76.6800000000000	54.3059567044910
76.7200000000000	54.2486166248371
76.7600000000000	54.1913059894790
76.8000000000000	54.1340247525878
76.8400000000000	54.1076714549689
76.8800000000000	54.0844294871778
76.9200000000000	54.0611994185266
76.9600000000000	54.0379812378785
77	54.0147749341105
77.0400000000000	53.9915804961129
77.0800000000000	53.9683979127897
77.1200000000000	53.9452271730584
77.1600000000000	53.9220682658499
77.2000000000000	53.8989211801086
77.2400000000000	53.8757859047924
77.2800000000000	53.8526624288725
77.3200000000000	53.8295507413335
77.3600000000000	53.8064508311736
77.4000000000000	53.7833626874040
77.4400000000000	53.7602862990496
77.4800000000000	53.7372216551483
77.5200000000000	53.7141687447516
77.5600000000000	53.6911275569240
77.6000000000000	53.6680980807434
77.6400000000000	53.6450803053010
77.6800000000000	53.6220742197010
77.7200000000000	53.5990798130611
77.7600000000000	53.5760970745119
77.8000000000000	53.5531259931973
77.8400000000000	53.5301665582743
77.8800000000000	53.5072187589131
77.9200000000000	53.4842825842968
77.9600000000000	53.4613580236218
78	53.4384450660974
78.0400000000000	53.4155437009461
78.0800000000000	53.3926539174032
78.1200000000000	53.3697757047172
78.1600000000000	53.3469090521495
78.2000000000000	53.3240539489745
78.2400000000000	53.3012103844794
78.2800000000000	53.2783783479646
78.3200000000000	53.2555578287430
78.3600000000000	53.2327488161409
78.4000000000000	53.2099512994969
78.4400000000000	53.1871652681630
78.4800000000000	53.1643907115035
78.5200000000000	53.1416276188959
78.5600000000000	53.1188759797304
78.6000000000000	53.0961357834098
78.6400000000000	53.0734070193498
78.6800000000000	53.0506896769788
78.7200000000000	53.0279837457379
78.7600000000000	53.0052892150809
78.8000000000000	52.9826060744744
78.8400000000000	52.9599343133973
78.8800000000000	52.9372739213415
78.9200000000000	52.9146248878113
78.9600000000000	52.8919872023238
79	52.8693608544084
79.0400000000000	52.8467458336073
79.0800000000000	52.8241421294752
79.1200000000000	52.8015497315792
79.1600000000000	52.7789686294990
79.2000000000000	52.7563988128268
79.2400000000000	52.7338402711672
79.2800000000000	52.7112929941373
79.3200000000000	52.6887569713666
79.3600000000000	52.6662321924971
79.4000000000000	52.6437186471829
79.4400000000000	52.6212163250910
79.4800000000000	52.5987252159002
79.5200000000000	52.5762453093019
79.5600000000000	52.5537765950000
79.6000000000000	52.5313190627103
79.6400000000000	52.5088727021612
79.6800000000000	52.4864375030932
79.7200000000000	52.4640134552591
79.7600000000000	52.4416005484240
79.8000000000000	52.4191987723650
79.8400000000000	52.3968081168716
79.8800000000000	52.3744285717454
79.9200000000000	52.3520601268002
79.9600000000000	52.3297027718618
80	52.3073564967684
80.0400000000000	52.2850212913698
80.0800000000000	52.2626971455285
80.1200000000000	52.2403840491186
80.1600000000000	52.2180819920266
80.2000000000000	52.1957909641506
80.2400000000000	52.1735109554011
80.2800000000000	52.1512419557004
80.3200000000000	52.1289839549828
80.3600000000000	52.1067369431948
80.4000000000000	52.0845009102944
80.4400000000000	52.0622758462518
80.4800000000000	52.0400617410491
80.5200000000000	52.0178585846803
80.5600000000000	51.9956663671512
80.6000000000000	51.9734850784794
80.6400000000000	51.9513147086946
80.6800000000000	51.9291552478379
80.7200000000000	51.9070066859625
80.7600000000000	51.8848690131335
80.8000000000000	51.8627422194274
80.8400000000000	51.8406262949327
80.8800000000000	51.8185212297496
80.9200000000000	51.7964270139899
80.9600000000000	51.7743436377773
81	51.7522710912470
81.0400000000000	51.7302093645460
81.0800000000000	51.7081584478328
81.1200000000000	51.6861183312776
81.1600000000000	51.6640890050623
81.2000000000000	51.6420704593803
81.2400000000000	51.6200626844365
81.2800000000000	51.5980656704476
81.3200000000000	51.5760794076416
81.3600000000000	51.5541038862582
81.4000000000000	51.5321390965486
81.4400000000000	51.5101850287752
81.4800000000000	51.4882416732124
81.5200000000000	51.4663090201456
81.5600000000000	51.4443870598718
81.6000000000000	51.4224757826996
81.6400000000000	51.4005751789487
81.6800000000000	51.3786852389505
81.7200000000000	51.3568059530475
81.7600000000000	51.3349373115938
81.8000000000000	51.3130793049547
81.8400000000000	51.2912319235068
81.8800000000000	51.2693951576382
81.9200000000000	51.2475689977480
81.9600000000000	51.2257534342469
82	51.2039484575567
82.0400000000000	51.1821540581104
82.0800000000000	51.1603702263523
82.1200000000000	51.1385969527378
82.1600000000000	51.1168342277338
82.2000000000000	51.0950820418181
82.2400000000000	51.0733403854796
82.2800000000000	51.0516092492187
82.3200000000000	51.0298886235466
82.3600000000000	51.0081784989858
82.4000000000000	50.9864788660697
82.4400000000000	50.9647897153431
82.4800000000000	50.9431110373616
82.5200000000000	50.9214428226919
82.5600000000000	50.8997850619119
82.6000000000000	50.8781377456102
82.6400000000000	50.8565008643868
82.6800000000000	50.8348744088523
82.7200000000000	50.8132583696286
82.7600000000000	50.7916527373484
82.8000000000000	50.7700575026552
82.8400000000000	50.7484726562038
82.8800000000000	50.7268981886595
82.9200000000000	50.7053340906988
82.9600000000000	50.6837803530088
83	50.6622369662878
83.0400000000000	50.6407039212447
83.0800000000000	50.6191812085992
83.1200000000000	50.5976688190821
83.1600000000000	50.5761667434346
83.2000000000000	50.5546749724090
83.2400000000000	50.5331934967682
83.2800000000000	50.5117223072859
83.3200000000000	50.4902613947466
83.3600000000000	50.4688107499455
83.4000000000000	50.4473703636884
83.4400000000000	50.4259402267918
83.4800000000000	50.4045203300831
83.5200000000000	50.3831106644001
83.5600000000000	50.3617112205913
83.6000000000000	50.3403219895160
83.6400000000000	50.3189429620439
83.6800000000000	50.2975741290554
83.7200000000000	50.2762154814415
83.7600000000000	50.2548670101037
83.8000000000000	50.2335287059540
83.8400000000000	50.2122005599152
83.8800000000000	50.1908825629204
83.9200000000000	50.1695747059132
83.9600000000000	50.1482769798478
84	50.1269893756888
84.0400000000000	50.1057118844114
84.0800000000000	50.0844444970010
84.1200000000000	50.0631872044536
84.1600000000000	50.0419399977756
84.2000000000000	50.0207028679839
84.2400000000000	49.9994758061056
84.2800000000000	49.9782588031782
84.3200000000000	49.9570518502497
84.3600000000000	49.9358549383784
84.4000000000000	49.9146680586328
84.4400000000000	49.8934912020919
84.4800000000000	49.8723243598448
84.5200000000000	49.8511675229910
84.5600000000000	49.8300206826404
84.6000000000000	49.8088838299129
84.6400000000000	49.7877569559388
84.6800000000000	49.7666400518586
84.7200000000000	49.7455331088229
84.7600000000000	49.7244361179927
84.8000000000000	49.7033490705391
84.8400000000000	49.6822719576433
84.8800000000000	49.6612047704967
84.9200000000000	49.6401475003009
84.9600000000000	49.6191001382675
85	49.5980626756184
85.0400000000000	49.5770351035853
85.0800000000000	49.5560174134103
85.1200000000000	49.5350095963454
85.1600000000000	49.5140116436527
85.2000000000000	49.4930235466042
85.2400000000000	49.4720452964823
85.2800000000000	49.4510768845790
85.3200000000000	49.4301183021964
85.3600000000000	49.4091695406468
85.4000000000000	49.3882305912523
85.4400000000000	49.3673014453448
85.4800000000000	49.3463820942665
85.5200000000000	49.3254725293693
85.5600000000000	49.3045727420150
85.6000000000000	49.2836827235753
85.6400000000000	49.2628024654320
85.6800000000000	49.2419319589765
85.7200000000000	49.2210711956101
85.7600000000000	49.2002201667442
85.8000000000000	49.1793788637997
85.8400000000000	49.1585472782075
85.8800000000000	49.1377254014082
85.9200000000000	49.1169132248523
85.9600000000000	49.0961107400000
86	49.0753179383213
86.0400000000000	49.0545348112959
86.0800000000000	49.0337613504133
86.1200000000000	49.0129975471726
86.1600000000000	48.9922433930828
86.2000000000000	48.9714988796624
86.2400000000000	48.9507639984397
86.2800000000000	48.9300391525806
86.3200000000000	48.9093253889429
86.3600000000000	48.8886238538616
86.4000000000000	48.8679357954914
86.4400000000000	48.8472626310646
86.4800000000000	48.8266060125020
86.5200000000000	48.8059678924832
86.5600000000000	48.7853505918212
86.6000000000000	48.7647568679380
86.6400000000000	48.7441899833173
86.6800000000000	48.7236537719844
86.7200000000000	48.7031527013366
86.7600000000000	48.6826919260340
86.8000000000000	48.6622773302016
86.8400000000000	48.6419155539460
86.8800000000000	48.6216140002002
86.9200000000000	48.6013808182393
86.9600000000000	48.5812248609060
87	48.5611556136557
87.0400000000000	48.5411830949881
87.0800000000000	48.5213177295973
87.1200000000000	48.5015701975490
87.1600000000000	48.4819512648109
87.2000000000000	48.4624716023125
87.2400000000000	48.4431416021547
87.2800000000000	48.4239712004113
87.3200000000000	48.4049697159862
87.3600000000000	48.3861459874806
87.4000000000000	48.3675156271945
87.4400000000000	48.3491053080754
87.4800000000000	48.3309450364598
87.5200000000000	48.3130673914725
87.5600000000000	48.2955072887767
87.6000000000000	48.2783015460067
87.6400000000000	48.2614882228152
87.6800000000000	48.2451057274413
87.7200000000000	48.2291917116422
87.7600000000000	48.2137818147860
87.8000000000000	48.1989083596678
87.8400000000000	48.1845991367413
87.8800000000000	48.1708764275141
87.9200000000000	48.1577564018728
87.9600000000000	48.1452489759419
88	48.1333581454688
88.0400000000000	48.1220827326807
88.0800000000000	48.1114174228502
88.1200000000000	48.1013539357407
88.1600000000000	48.0918821809556
88.2000000000000	48.0829912780962
88.2400000000000	48.0746703690491
88.2800000000000	48.0669091966807
88.3200000000000	48.0596984617558
88.3600000000000	48.0530299936602
88.4000000000000	48.0468967808628
88.4400000000000	48.0412929071319
88.4800000000000	48.0362134332542
88.5200000000000	48.0316542549305
88.5600000000000	48.0276119581368
88.6000000000000	48.0240836850478
88.6400000000000	48.0210670172448
88.6800000000000	48.0185598784496
88.7200000000000	48.0165604562112
88.7600000000000	48.0150671404351
88.8000000000000	48.0140784760197
88.8400000000000	48.0135931268102
88.8800000000000	48.0136098483418
88.9200000000000	48.0141274672487
88.9600000000000	48.0151448656428
89	48.0166609691600
89.0400000000000	48.0186747377022
89.0800000000000	48.0211851581654
89.1200000000000	48.0241912386399
89.1600000000000	48.0276920037169
89.2000000000000	48.0316864906383
89.2400000000000	48.0361737460991
89.2800000000000	48.0411528235651
89.3200000000000	48.0466227810024
89.3600000000000	48.0525826789430
89.4000000000000	48.0590315788255
89.4400000000000	48.0659685415661
89.4800000000000	48.0733926263212
89.5200000000000	48.0813017168741
89.5600000000000	48.0896159687860
89.6000000000000	48.0983530463492
89.6400000000000	48.1075478792771
89.6800000000000	48.1172181870880
89.7200000000000	48.1273726433051
89.7600000000000	48.1380152109888
89.8000000000000	48.1491474301006
89.8400000000000	48.1607696114203
89.8800000000000	48.1728814517167
89.9200000000000	48.1854823462359
89.9600000000000	48.1985715450349
90	48.2121482299136
90.0400000000000	48.2262115515733
90.0800000000000	48.2407606471566
90.1200000000000	48.2557930773748
90.1600000000000	48.2712789741672
90.2000000000000	48.2872232554058
90.2400000000000	48.3036355349566
90.2800000000000	48.3205198381173
90.3200000000000	48.3378775507366
90.3600000000000	48.3557088252328
90.4000000000000	48.3740132438568
90.4400000000000	48.3927901279764
90.4800000000000	48.4120275881902
90.5200000000000	48.4285000063464
90.5600000000000	48.4225841875069
90.6000000000000	48.4093036300863
90.6400000000000	48.3931448666049
90.6800000000000	48.3754963899104
90.7200000000000	48.3569703832001
90.7600000000000	48.3378900525593
90.8000000000000	48.3184472190964
90.8400000000000	48.2987588893044
90.8800000000000	48.2788995103920
90.9200000000000	48.2589184685053
90.9600000000000	48.2388496135878
91	48.2187167679954
91.0400000000000	48.1985370681200
91.0800000000000	48.1783230712538
91.1200000000000	48.1580841269760
91.1600000000000	48.1378272940522
91.2000000000000	48.1175579676439
91.2400000000000	48.0972803169196
91.2800000000000	48.0769975957017
91.3200000000000	48.0567123663762
91.3600000000000	48.0364266634933
91.4000000000000	48.0161421147717
91.4400000000000	47.9958600315924
91.4800000000000	47.9755814773592
91.5200000000000	47.9553073196188
91.5600000000000	47.9350360979717
91.6000000000000	47.9147773931586
91.6400000000000	47.8945278965362
91.6800000000000	47.8742876001228
91.7200000000000	47.8540564959458
91.7600000000000	47.8338345760417
91.8000000000000	47.8136218324560
91.8400000000000	47.7934182572428
91.8800000000000	47.7732238424654
91.9200000000000	47.7530385801961
91.9600000000000	47.7328624625159
92	47.7126954815148
92.0400000000000	47.6925376292918
92.0800000000000	47.6723888979545
92.1200000000000	47.6522492796196
92.1600000000000	47.6321187664126
92.2000000000000	47.6119973504677
92.2400000000000	47.5918850239281
92.2800000000000	47.5717817789458
92.3200000000000	47.5516876076815
92.3600000000000	47.5316025023047
92.4000000000000	47.5115264549938
92.4400000000000	47.4914594579358
92.4800000000000	47.4714015033266
92.5116683310720	47.4555279175983
92.5200000000000	47.4513803121809
92.5600000000000	47.4319619371389
92.6000000000000	47.4145504627104
92.6400000000000	47.4026736522752
92.6800000000000	47.4025374066878
92.7200000000000	47.4141768951066
92.7600000000000	47.4312626316976
92.8000000000000	47.4507775345679
92.8400000000000	47.4714071049713
92.8800000000000	47.4925460460159
92.9200000000000	47.5139067638913
92.9600000000000	47.5353571111158
93	47.5568372712465
93.0400000000000	47.5783203478438
93.0800000000000	47.5997942841046
93.1200000000000	47.6212536858070
93.1600000000000	47.6426961455019
93.2000000000000	47.6641205941413
93.2400000000000	47.6855265624810
93.2800000000000	47.7069138501600
93.3200000000000	47.7282823773981
93.3600000000000	47.7496321185101
93.4000000000000	47.7709630720844
93.4400000000000	47.7922752476012
93.4800000000000	47.8135686594255
93.5200000000000	47.8348433241077
93.5600000000000	47.8560992591711
93.6000000000000	47.8773364825672
93.6400000000000	47.8985550124297
93.6800000000000	47.9197548669644
93.7200000000000	47.9409360643997
93.7600000000000	47.9620986229640
93.8000000000000	47.9832425608758
93.8400000000000	48.0043678963388
93.8800000000000	48.0254746475403
93.9200000000000	48.0465628326503
93.9600000000000	48.0676324698207
94	48.0886835771854
94.0400000000000	48.1097161728604
94.0800000000000	48.1307302749433
94.1200000000000	48.1517259015140
94.1600000000000	48.1727030706339
94.2000000000000	48.1936618003466
94.2400000000000	48.2146021086776
94.2800000000000	48.2355240136344
94.3200000000000	48.2564275332065
94.3600000000000	48.2773126853654
94.4000000000000	48.2981794880646
94.4400000000000	48.3190279592398
94.4800000000000	48.3398581168089
94.5200000000000	48.3606699786715
94.5600000000000	48.3814635627098
94.6000000000000	48.4022388867879
94.6400000000000	48.4229959687523
94.6800000000000	48.4437348264314
94.7200000000000	48.4644554776362
94.7600000000000	48.4851579401597
94.8000000000000	48.5058422317773
94.8400000000000	48.5265083702466
94.8800000000000	48.5471563733077
94.9200000000000	48.5677862586830
94.9600000000000	48.5883980440771
95	48.6089917471771
95.0400000000000	48.6295673856527
95.0800000000000	48.6501249771557
95.1200000000000	48.6706645393206
95.1600000000000	48.6911860897643
95.2000000000000	48.7116896460863
95.2400000000000	48.7321752258685
95.2800000000000	48.7526428466754
95.3200000000000	48.7730925260541
95.3600000000000	48.7935242815343
95.4000000000000	48.8139381306282
95.4400000000000	48.8343340908307
95.4800000000000	48.8547121796195
95.5200000000000	48.8750724144548
95.5600000000000	48.8954148127795
95.6000000000000	48.9157393920195
95.6400000000000	48.9360461695829
95.6800000000000	48.9563351628612
95.7200000000000	48.9766063892283
95.7600000000000	48.9968598660410
95.8000000000000	49.0170956106388
95.8400000000000	49.0373136403444
95.8800000000000	49.0575139724630
95.9200000000000	49.0776966242829
95.9600000000000	49.0978616130754
96	49.1180089560944
96.0400000000000	49.1381386705770
96.0800000000000	49.1582507737434
96.1200000000000	49.1783452827966
96.1600000000000	49.1984217109860
96.2000000000000	49.2184781013163
96.2400000000000	49.2385161086542
96.2800000000000	49.2585368648606
96.3200000000000	49.2785408445719
96.3600000000000	49.2985282518028
96.4000000000000	49.3184991790599
96.4400000000000	49.3384536728723
96.4800000000000	49.3583917607969
96.5200000000000	49.3783134625542
96.5600000000000	49.3982187946222
96.6000000000000	49.4181077721329
96.6400000000000	49.4379804096561
96.6800000000000	49.4578367215225
96.7200000000000	49.4776767219580
96.7600000000000	49.4975004251390
96.8000000000000	49.5173078452151
96.8400000000000	49.5370989963190
96.8800000000000	49.5568738925702
96.9200000000000	49.5766325480766
96.9600000000000	49.5963749769352
97	49.6161011932326
97.0400000000000	49.6358112110449
97.0800000000000	49.6555050444377
97.1200000000000	49.6751827074664
97.1600000000000	49.6948442141759
97.2000000000000	49.7144895786010
97.2400000000000	49.7341188147660
97.2800000000000	49.7537319366847
97.3200000000000	49.7733289583610
97.3600000000000	49.7929098937882
97.4000000000000	49.8124747569493
97.4400000000000	49.8320235618172
97.4800000000000	49.8515563223543
97.5200000000000	49.8710730525127
97.5600000000000	49.8905737662343
97.6000000000000	49.9100584774509
97.6400000000000	49.9295272000837
97.6800000000000	49.9489799480437
97.7200000000000	49.9684167352319
97.7600000000000	49.9878375755387
97.8000000000000	50.0072424828445
97.8400000000000	50.0266314710194
97.8800000000000	50.0460045539231
97.9200000000000	50.0653617454052
97.9600000000000	50.0847030593052
98	50.1040285094520
98.0400000000000	50.1233381096647
98.0800000000000	50.1426318737520
98.1200000000000	50.1619098155123
98.1600000000000	50.1811719487339
98.2000000000000	50.2004182871949
98.2400000000000	50.2196488446634
98.2800000000000	50.2388636348968
98.3200000000000	50.2580626716429
98.3600000000000	50.2772459686389
98.4000000000000	50.2964135396121
98.4400000000000	50.3155653982795
98.4800000000000	50.3347015583480
98.5200000000000	50.3538220335143
98.5600000000000	50.3729268374650
98.6000000000000	50.3920159838765
98.6400000000000	50.4110894864150
98.6800000000000	50.4301473587369
98.7200000000000	50.4491896144881
98.7600000000000	50.4682162673045
98.8000000000000	50.4872273308120
98.8400000000000	50.5062228186263
98.8800000000000	50.5252027443528
98.9200000000000	50.5441671215872
98.9600000000000	50.5631159639149
99	50.5820492849110
99.0400000000000	50.6009670981410
99.0800000000000	50.6198694171599
99.1200000000000	50.6387562555128
99.1600000000000	50.6576276267347
99.2000000000000	50.6764835443506
99.2400000000000	50.6953240218754
99.2800000000000	50.7141490728139
99.3200000000000	50.7329587106610
99.3600000000000	50.7517529489013
99.4000000000000	50.7705318010097
99.4400000000000	50.7892952804508
99.4800000000000	50.8080434006794
99.5200000000000	50.8267761751400
99.5600000000000	50.8454936172673
99.6000000000000	50.8641957404859
99.6400000000000	50.8828825582106
99.6800000000000	50.9015540838459
99.7200000000000	50.9202103307864
99.7600000000000	50.9388513124169
99.8000000000000	50.9574770421121
99.8400000000000	50.9760875332366
99.8800000000000	50.9946827991451
99.9200000000000	51.0132628531825
99.9600000000000	51.0318277086835
100	51.0503773789731