0			0
3.48392974660007e-30	1.87778181605942e-29
2.66202079000041e-06	1.37196240478538e-05
1.59721247400025e-05	8.23294380482325e-05
8.25226444900128e-05	0.000425670918214255
0.000415275243240065	0.00214969682843986
0.00207903823699032	0.0109538136346294
0.0103978532057416		0.0596973915338793
0.0400000000000000	0.301974394746947
0.0800000000000000		0.804178120388159
0.120000000000000	1.48416470166633
0.160000000000000	2.29752160820721
0.200000000000000	3.20576937255310
0.240000000000000	4.17196608668359
0.280000000000000	5.16150003943033
0.320000000000000	6.14986169423042
0.360000000000000	7.12309783282554
0.400000000000000	8.06933318076150
0.440000000000000	8.98863882880783
0.480000000000000	9.87516480893338
0.520000000000000	10.7296797512022
0.560000000000000	11.5536598861465
0.600000000000000	12.3457744215099
0.640000000000000	13.1101830608157
0.680000000000000	13.8500180742174
0.720000000000000	14.5637244620409
0.760000000000000	15.2544517320983
0.800000000000000	15.9254542306421
0.840000000000000	16.5786823089697
0.880000000000000	17.2141862230601
0.920000000000000	17.8319951370763
0.960000000000000	18.4344143393273
1		19.0228296319004
1.04000000000000	19.5981281038544
1.08000000000000	20.1609389775605
1.12000000000000	20.7108673983665
1.16000000000000	21.2446233103215
1.20000000000000	21.7648408015549
1.24000000000000	22.2737453274692
1.28000000000000	22.7720720627216
1.32000000000000	23.2638316056159
1.36000000000000	23.7498620537830
1.40000000000000	24.2329741693213
1.44000000000000	24.7136596233830
1.48000000000000	25.1891402928886
1.52000000000000	25.6612032971346
1.56000000000000	26.1302952900744
1.60000000000000	26.5975964691200
1.64000000000000	27.0628434825379
1.68000000000000	27.5260330239698
1.72000000000000	27.9876724962641
1.76000000000000	28.4478550803745
1.80000000000000	28.9066050328735
1.84000000000000	29.3639330621398
1.88000000000000	29.8182576640160
1.92000000000000	30.2693362238201
1.96000000000000	30.7186206375011
2		31.1661381982746
2.04000000000000	31.6112225760982
2.08000000000000	32.4248790003125
2.12000000000000	32.9782852848198
2.16000000000000	33.4199088247073
2.20000000000000	33.8092543802867
2.24000000000000	34.1718052171557
2.28000000000000	34.5192128242824
2.32000000000000	34.8568192704864
2.36000000000000	35.1869052903942
2.40000000000000	35.5118006664795
2.44000000000000	35.8330598402172
2.48000000000000	36.1512628766444
2.52000000000000	36.4667024812879
2.56000000000000	36.7797238528299
2.60000000000000	37.0904076028176
2.64000000000000	37.3985131169757
2.68000000000000	37.7043771488731
2.72000000000000	38.0082871032009
2.76000000000000	38.3107927469555
2.80000000000000	38.6119724497366
2.84000000000000	38.9118060664769
2.88000000000000	39.2101743104259
2.92000000000000	39.5076682660338
2.96000000000000	39.8045815526477
3		40.1010085356597
3.04000000000000	40.3970057804498
3.08000000000000	40.6925386199849
3.12000000000000	40.9875810613337
3.16000000000000	41.2821251312988
3.20000000000000	41.5756801405272
3.24000000000000	41.8679859497740
3.28000000000000	42.1595126307395
3.32000000000000	42.4503742546142
3.36000000000000	42.7406005309657
3.40000000000000	43.0301938437012
3.44000000000000	43.3190011122269
3.48000000000000	43.6071886515150
3.52000000000000	43.8948853313878
3.56000000000000	44.1821153387496
3.60000000000000	44.4688842284554
3.64000000000000	44.7551937583979
3.68000000000000	45.0410448556608
3.72000000000000	45.3262628802006
3.76000000000000	45.6108840414713
3.80000000000000	45.8950057355699
3.84000000000000	46.1786480272409
3.88000000000000	46.4618155550789
3.92000000000000	46.7445098459718
3.96000000000000	47.0267317898305
4		47.3084821424784
4.04000000000000	47.5897616290289
4.08000000000000	47.8705709654075
4.12000000000000	48.1509108629125
4.16000000000000	48.4307820292210
4.20000000000000	48.7101851686408
4.24000000000000	48.9891209821997
4.28000000000000	49.2675901677004
4.32000000000000	49.5455934197659
4.36000000000000	49.8230520056485
4.40000000000000	50.0994481612715
4.44000000000000	50.3751933421192
4.48000000000000	50.6503953843244
4.52000000000000	50.9250129616332
4.56000000000000	51.1988746815559
4.60000000000000	51.4719457879630
4.64000000000000	51.7442226411007
4.68000000000000	52.0157069522532
4.72000000000000	52.2864013446788
4.76000000000000	52.5563085874627
4.80000000000000	52.8254314632080
4.81116766328330	52.8852473612516
4.82233532656659	52.9217637188021
4.84000000000000	52.9588699841459
4.88000000000000	53.0006374532346
4.92000000000000	53.0158876319304
4.96000000000000	53.1424911705691
5		53.1637397437558
5.04000000000000	53.1623985815073
5.08000000000000	53.2192754925438
5.12000000000000	53.2244078139574
5.16000000000000	53.2121562691118
5.20000000000000	53.1949767120276
5.24000000000000	53.1755713685851
5.28000000000000	53.1549599866487
5.32000000000000	53.1336311245394
5.36000000000000	53.1118514213608
5.40000000000000	53.0897800872790
5.44000000000000	53.0675163131710
5.48000000000000	53.0451237220097
5.52000000000000	53.0226444338771
5.56000000000000	53.0001070185684
5.60000000000000	52.9775312265888
5.64000000000000	52.9549309188748
5.68000000000000	52.9323159406850
5.72000000000000	52.9096933523322
5.76000000000000	52.8870682554549
5.80000000000000	52.8644455247047
5.84000000000000	52.8418329639651
5.88000000000000	52.8192317176263
5.92000000000000	52.7966417752581
5.96000000000000	52.7740631264430
6		52.7514957607758
6.04000000000000	52.7289396678640
6.08000000000000	52.7063948373272
6.12000000000000	52.6838612587977
6.16000000000000	52.6613389219201
6.20000000000000	52.6388278163514
6.24000000000000	52.6163279317610
6.28000000000000	52.5938392578307
6.32000000000000	52.5713617842544
6.36000000000000	52.5488955007385
6.40000000000000	52.5264403970018
6.44000000000000	52.5039964627752
6.48000000000000	52.4815636878019
6.52000000000000	52.4591420618373
6.56000000000000	52.4367315746492
6.60000000000000	52.4143322160174
6.64000000000000	52.3919439757340
6.68000000000000	52.3695668436032
6.72000000000000	52.3472008094415
6.76000000000000	52.3248458630774
6.80000000000000	52.3025019943514
6.84000000000000	52.2800318650434
6.88000000000000	52.2575590926509
6.92000000000000	52.2350974421759
6.96000000000000	52.2126469034076
7		52.1902074661468
7.04000000000000	52.1677791202071
7.08000000000000	52.1453618554136
7.12000000000000	52.1229556616041
7.16000000000000	52.1005605286281
7.20000000000000	52.0781764463473
7.24000000000000	52.0558034046356
7.28000000000000	52.0334413933786
7.32000000000000	52.0110904024744
7.36000000000000	51.9887504218327
7.40000000000000	51.9664214413755
7.44000000000000	51.9441034510365
7.48000000000000	51.9217964407615
7.52000000000000	51.8995004005084
7.56000000000000	51.8772153202467
7.60000000000000	51.8549411899580
7.64000000000000	51.8326779996358
7.68000000000000	51.8104257392853
7.72000000000000	51.7881843989238
7.76000000000000	51.7659539685803
7.80000000000000	51.7437344382956
7.84000000000000	51.7215257981223
7.88000000000000	51.6993280381248
7.92000000000000	51.6771411483794
7.96000000000000	51.6549651189739
8		51.6327999400081
8.04000000000000	51.6106456015932
8.08000000000000	51.5885020938523
8.12000000000000	51.5663694069203
8.16000000000000	51.5442475309435
8.20000000000000	51.5221364560800
8.24000000000000	51.5000361724995
8.28000000000000	51.4779466703832
8.32000000000000	51.4558679399241
8.36000000000000	51.4337999713267
8.40000000000000	51.4117427548069
8.44000000000000	51.3896962805924
8.48000000000000	51.3676605389223
8.52000000000000	51.3456355200471
8.56000000000000	51.3236212142291
8.60000000000000	51.3016176117417
8.64000000000000	51.2796247028700
8.68000000000000	51.2576424779106
8.72000000000000	51.2356709271712
8.76000000000000	51.2137100409714
8.80000000000000	51.1917598096417
8.84000000000000	51.1698202235242
8.88000000000000	51.1478912729725
8.92000000000000	51.1259729483514
8.96000000000000	51.1040652400368
9		51.0821681384164
9.04000000000000	51.0602816338888
9.08000000000000	51.0384057168640
9.12000000000000	51.0165403777633
9.16000000000000	50.9946856070192
9.20000000000000	50.9728413950754
9.24000000000000	50.9510077323870
9.28000000000000	50.9291846094200
9.32000000000000	50.9073720166518
9.36000000000000	50.8855699445709
9.40000000000000	50.8637783836768
9.44000000000000	50.8419973244805
9.48000000000000	50.8202267575038
9.52000000000000	50.7984666732797
9.56000000000000	50.7767170623521
9.60000000000000	50.7549779152764
9.64000000000000	50.7332492226186
9.68000000000000	50.7115309749559
9.72000000000000	50.6898231628767
9.76000000000000	50.6681257769802
9.80000000000000	50.6464388078765
9.84000000000000	50.6247622461869
9.88000000000000	50.6030960825436
9.92000000000000	50.5814403075896
9.96000000000000	50.5597949119790
10		50.5381598863766
10.0400000000000	50.5165352214584
10.0800000000000	50.4949209079109
10.1200000000000	50.4733863934481
10.1600000000000	50.4519438192970
10.2000000000000	50.4305114964649
10.2400000000000	50.4090894157767
10.2800000000000	50.3876775680681
10.3200000000000	50.3662759441853
10.3600000000000	50.3448845349853
10.4000000000000	50.3235033313355
10.4400000000000	50.3021323241141
10.4800000000000	50.2807715042099
10.5200000000000	50.2594208625219
10.5600000000000	50.2380803899603
10.6000000000000	50.2167500774452
10.6400000000000	50.1954299159076
10.6800000000000	50.1741198962890
10.7200000000000	50.1528200095412
10.7600000000000	50.1315302466266
10.8000000000000	50.1102505985182
10.8400000000000	50.0889810561991
10.8800000000000	50.0677216106632
10.9200000000000	50.0464722529147
10.9600000000000	50.0252329739681
11		50.0040037648484
11.0400000000000	49.9827846165909
11.0800000000000	49.9615755202414
11.1200000000000	49.9403764668559
11.1600000000000	49.9191874475007
11.2000000000000	49.8980084532527
11.2400000000000	49.8768394751988
11.2800000000000	49.8556805044363
11.3200000000000	49.8345315320727
11.3600000000000	49.8133925492260
11.4000000000000	49.7922635470242
11.4400000000000	49.7711445166056
11.4800000000000	49.7500354491187
11.5200000000000	49.7289363357223
11.5600000000000	49.7078471675852
11.6000000000000	49.6867679358866
11.6400000000000	49.6656986318156
11.6800000000000	49.6446392465718
11.7200000000000	49.6235897713645
11.7600000000000	49.6025501974134
11.8000000000000	49.5815205159482
11.8400000000000	49.5605007182088
11.8800000000000	49.5394907954450
11.9200000000000	49.5184907389168
11.9600000000000	49.4975005398942
12		49.4765201896571
12.0400000000000	49.4555496794957
12.0800000000000	49.4345890007099
12.1200000000000	49.4136381446097
12.1600000000000	49.3926971025152
12.2000000000000	49.3717658657563
12.2400000000000	49.3508444256728
12.2800000000000	49.3299327736147
12.3200000000000	49.3090309009416
12.3600000000000	49.2881387990232
12.4000000000000	49.2672564592390
12.4400000000000	49.2463838729784
12.4800000000000	49.2255210316407
12.5200000000000	49.2046679266350
12.5600000000000	49.1838245493802
12.6000000000000	49.1629908913051
12.6400000000000	49.1421850751088
12.6800000000000	49.1247309318712
12.7200000000000	49.1415795928567
12.7600000000000	49.2016048188971
12.8000000000000	49.2873039241460
12.8400000000000	49.3895923642822
12.8800000000000	49.5014334082783
12.9200000000000	49.6184703310096
12.9600000000000	49.7383391687365
13		49.8596644337391
13.0400000000000	49.9816616139314
13.0800000000000	50.1038884628154
13.1200000000000	50.2260974077832
13.1600000000000	50.3481505245489
13.2000000000000	50.4699713205555
13.2400000000000	50.5915176229797
13.2800000000000	50.7127664031454
13.3200000000000	50.8337053027154
13.3600000000000	50.9543279079047
13.4000000000000	51.0746311154825
13.4400000000000	51.1946136649957
13.4800000000000	51.3142753208825
13.5200000000000	51.4336164166872
13.5600000000000	51.5526367141910
13.6000000000000	51.6713082343238
13.6400000000000	51.7896296760964
13.6800000000000	51.9076174247423
13.7200000000000	52.0252807563377
13.7600000000000	52.1426251369395
13.8000000000000	52.2596539883611
13.8400000000000	52.3763696338917
13.8800000000000	52.4927738050822
13.9200000000000	52.6088679134488
13.9600000000000	52.7246531962100
14		52.8401307944974
14.0400000000000	52.9553017953527
14.0800000000000	53.0701672542967
14.1200000000000	53.1847282074716
14.1600000000000	53.2989856781849
14.2000000000000	53.4129406804469
14.2400000000000	53.5265942208923
14.2800000000000	53.6399472998337
14.3200000000000	53.7530009118477
14.3600000000000	53.8657560461093
14.4000000000000	53.9782136865910
14.4400000000000	54.0903748121894
14.4800000000000	54.2022403968109
14.5200000000000	54.3138114094368
14.5600000000000	54.4250888141766
14.6000000000000	54.5360735703140
14.6400000000000	54.6467666323503
14.6800000000000	54.7571689500442
14.7200000000000	54.8672814684515
14.7600000000000	54.9771051279630
14.8000000000000	55.0866408643419
14.8400000000000	55.1958896087611
14.8800000000000	55.3048522878390
14.9200000000000	55.4135298236761
14.9600000000000	55.5219231338902
15	55.6300331316515
15.0400000000000	55.7378607257177
15.0800000000000	55.8454068204678
15.1200000000000	55.9526723159364
15.1600000000000	56.0596581078475
15.2000000000000	56.1663650876472
15.2400000000000	56.2727941425372
15.2800000000000	56.3789461555066
15.3200000000000	56.4848220053647
15.3600000000000	56.5904225667724
15.4000000000000	56.6957487102739
15.4400000000000	56.8008013023278
15.4800000000000	56.9055812053375
15.5200000000000	57.0100892776825
15.5600000000000	57.1143263737475
15.6000000000000	57.2182933439532
15.6400000000000	57.3219910347851
15.6800000000000	57.4254202888230
15.7200000000000	57.5285819447699
15.7600000000000	57.6314768374804
15.8000000000000	57.7341057979891
15.8400000000000	57.8364696535388
15.8800000000000	57.9385692276075
15.9200000000000	58.0404053399368
15.9600000000000	58.1419788065581
16	58.2432904398199
16.0400000000000	58.3443410484144
16.0800000000000	58.4451314374037
16.1200000000000	58.5456624082455
16.1600000000000	58.6459347588195
16.2000000000000	58.7459492834523
16.2400000000000	58.8457067729430
16.2800000000000	58.9452080145880
16.3200000000000	59.0444537922056
16.3600000000000	59.1434448861610
16.4000000000000	59.2421820733897
16.4400000000000	59.3406661274223
16.4800000000000	59.4388978184077
16.5200000000000	59.5368779131368
16.5600000000000	59.6346071750659
16.6000000000000	59.7320863643394
16.6400000000000	59.8293162378129
16.6800000000000	59.9262975490757
16.7200000000000	60.0230310484730
16.7600000000000	60.1195174831286
16.7867739706591	60.1839629450071
16.8000000000000	60.2157575969516
16.8111842749786	60.2374590616383
16.8400000000000	60.2631673375515
16.8800000000000	60.2581192471003
16.9200000000000	60.2409541315576
16.9600000000000	60.2195552698146
17	60.1961064739331
17.0400000000000	60.1715225650183
17.0800000000000	60.1462625115416
17.1200000000000	60.1205823474915
17.1600000000000	60.0946348618429
17.2000000000000	60.0685151909733
17.2400000000000	60.0422849095250
17.2800000000000	60.0159849140372
17.3200000000000	59.9896427586453
17.3600000000000	59.9632771738801
17.4000000000000	59.9369009468630
17.4400000000000	59.9105228074974
17.4800000000000	59.8841522447728
17.5200000000000	59.8577960969835
17.5600000000000	59.8314548684540
17.6000000000000	59.8051285442259
17.6400000000000	59.7788171093604
17.6800000000000	59.7525205489382
17.7200000000000	59.7262388480596
17.7600000000000	59.6999719918444
17.8000000000000	59.6737199654318
17.8400000000000	59.6474827539806
17.8800000000000	59.6212603426689
17.9200000000000	59.5950527166942
17.9600000000000	59.5688598612733
18	59.5426817616426
18.0400000000000	59.5165184030573
18.0800000000000	59.4903697707923
18.1200000000000	59.4642358501415
18.1600000000000	59.4381166264181
18.2000000000000	59.4120120849543
18.2400000000000	59.3859222111016
18.2800000000000	59.3598469902306
18.3200000000000	59.3337864077308
18.3600000000000	59.3077404490109
18.4000000000000	59.2817090994985
18.4400000000000	59.2556923446403
18.4800000000000	59.2296901699018
18.5200000000000	59.2037025607675
18.5600000000000	59.1777295027408
18.6000000000000	59.1517709813439
18.6400000000000	59.1258269821177
18.6800000000000	59.0998974906223
18.7200000000000	59.0739824924361
18.7600000000000	59.0480819731564
18.8000000000000	59.0221959183993
18.8400000000000	58.9963243137995
18.8800000000000	58.9704671450102
18.9200000000000	58.9446243977035
18.9600000000000	58.9187960575698
19	58.8929821103181
19.0400000000000	58.8671825416762
19.0800000000000	58.8413973373899
19.1200000000000	58.8156264832239
19.1600000000000	58.7898699649611
19.2000000000000	58.7641277684028
19.2400000000000	58.7383998793688
19.2800000000000	58.7126862836971
19.3200000000000	58.6869869672441
19.3600000000000	58.6613019158844
19.4000000000000	58.6356311155109
19.4400000000000	58.6099745520348
19.4800000000000	58.5843322113852
19.5200000000000	58.5587040795098
19.5600000000000	58.5330901423741
19.6000000000000	58.5074903859617
19.6400000000000	58.4819047962746
19.6800000000000	58.4563333593324
19.7200000000000	58.4307760611730
19.7600000000000	58.4052328878523
19.8000000000000	58.3797038254440
19.8400000000000	58.3541888600399
19.8800000000000	58.3286879777494
19.9200000000000	58.3032011647003
19.9600000000000	58.2777284070376
20	58.2522696909246
20.0400000000000	58.2268250025422
20.0800000000000	58.2013943280891
20.1200000000000	58.1759776537816
20.1600000000000	58.1505749658540
20.2000000000000	58.1251862505578
20.2400000000000	58.0998114941626
20.2800000000000	58.0744506829555
20.3200000000000	58.0491038032409
20.3600000000000	58.0237708413411
20.4000000000000	57.9984517835958
20.4400000000000	57.9731466163622
20.4800000000000	57.9478553260149
20.5200000000000	57.9225778989461
20.5600000000000	57.8973143215654
20.6000000000000	57.8720645802996
20.6400000000000	57.8468286615931
20.6800000000000	57.8216065519075
20.7200000000000	57.7963982377217
20.7600000000000	57.7712037055319
20.8000000000000	57.7460229418516
20.8400000000000	57.7208559332114
20.8800000000000	57.6957026661594
20.9200000000000	57.6705631272604
20.9600000000000	57.6454373030968
21	57.6203251802678
21.0400000000000	57.5952267453897
21.0800000000000	57.5701419850962
21.1200000000000	57.5450708860376
21.1600000000000	57.5200134348814
21.2000000000000	57.4949696183121
21.2400000000000	57.4699394230312
21.2800000000000	57.4449228357569
21.3200000000000	57.4199198432245
21.3600000000000	57.3949304321862
21.4000000000000	57.3699545894108
21.4400000000000	57.3449923016842
21.4800000000000	57.3200435558088
21.5200000000000	57.2951083386041
21.5600000000000	57.2701866369061
21.6000000000000	57.2452784375676
21.6400000000000	57.2203837274580
21.6800000000000	57.1955024934634
21.7200000000000	57.1706347224866
21.7600000000000	57.1457804014469
21.8000000000000	57.1209395172803
21.8400000000000	57.0961120569392
21.8800000000000	57.0712980073927
21.9200000000000	57.0464973556261
21.9600000000000	57.0217100886416
22	56.9969361934575
22.0400000000000	56.9721756571087
22.0800000000000	56.9474284666464
22.1200000000000	56.9226946091382
22.1600000000000	56.8979740716681
22.2000000000000	56.8732668413364
22.2400000000000	56.8485729052596
22.2800000000000	56.8238922505705
22.3200000000000	56.7992248644183
22.3600000000000	56.7745707339682
22.4000000000000	56.7499298464016
22.4400000000000	56.7253021889163
22.4800000000000	56.7006877487259
22.5200000000000	56.6760865130605
22.5600000000000	56.6514984691659
22.6000000000000	56.6269236043042
22.6400000000000	56.6023619057536
22.6800000000000	56.5778133608080
22.7200000000000	56.5532779567775
22.7600000000000	56.5287556809883
22.8000000000000	56.5042465207822
22.8400000000000	56.4797504635172
22.8800000000000	56.4552674965670
22.9200000000000	56.4307976073213
22.9600000000000	56.4063407831855
23	56.3818970115810
23.0400000000000	56.3574662799447
23.0800000000000	56.3330485757297
23.1200000000000	56.3086438864043
23.1600000000000	56.2842521994529
23.2000000000000	56.2598735023754
23.2400000000000	56.2355077826876
23.2800000000000	56.2111550279207
23.3200000000000	56.1868152256215
23.3600000000000	56.1624883633526
23.4000000000000	56.1381744286919
23.4400000000000	56.1138734092332
23.4800000000000	56.0895852925855
23.5200000000000	56.0653100663734
23.5600000000000	56.0410477182370
23.6000000000000	56.0167982358317
23.6400000000000	55.9925616068286
23.6800000000000	55.9683378189140
23.7200000000000	55.9441268597895
23.7600000000000	55.9199287171722
23.8000000000000	55.8957433787946
23.8400000000000	55.8715708324042
23.8800000000000	55.8474110657641
23.9200000000000	55.8232640666524
23.9600000000000	55.7991298228626
24	55.7750083222034
24.0400000000000	55.7508995524985
24.0800000000000	55.7268035015871
24.1200000000000	55.7027201573231
24.1600000000000	55.6786495075758
24.2000000000000	55.6545915402296
24.2400000000000	55.6305462431838
24.2800000000000	55.6065136043529
24.3200000000000	55.5824936116663
24.3600000000000	55.5584862530685
24.4000000000000	55.5344915165189
24.4400000000000	55.5105093899918
24.4800000000000	55.4865398614766
24.5200000000000	55.4625829189774
24.5600000000000	55.4386385505132
24.6000000000000	55.4147067441182
24.6400000000000	55.3907874878409
24.6800000000000	55.3668807697449
24.7200000000000	55.3429865779087
24.7600000000000	55.3191049004253
24.8000000000000	55.2952357254026
24.8400000000000	55.2713790409632
24.8800000000000	55.2475348352444
24.9200000000000	55.2237030963981
24.9600000000000	55.1998838125909
25	55.1760769720040
25.0400000000000	55.1522825628333
25.0800000000000	55.1285005732893
25.1200000000000	55.1047309915968
25.1600000000000	55.0809738059954
25.2000000000000	55.0572290047392
25.2400000000000	55.0333538852981
25.2800000000000	55.0094768951764
25.3200000000000	54.9856123358792
25.3600000000000	54.9617601956060
25.4000000000000	54.9379204625710
25.4400000000000	54.9140931250030
25.4800000000000	54.8902781711452
25.5200000000000	54.8664755892554
25.5600000000000	54.8426853676059
25.6000000000000	54.8189074944832
25.6400000000000	54.7951419581887
25.6800000000000	54.7713887470378
25.7200000000000	54.7476478493605
25.7600000000000	54.7239192535012
25.8000000000000	54.7002029478185
25.8400000000000	54.6764989206855
25.8800000000000	54.6528071604894
25.9200000000000	54.6291276556320
25.9600000000000	54.6054603945290
26	54.5818053656106
26.0400000000000	54.5581625573211
26.0800000000000	54.5345319581190
26.1200000000000	54.5109135564772
26.1600000000000	54.4873073408823
26.2000000000000	54.4637132998355
26.2400000000000	54.4401314218518
26.2800000000000	54.4165616954605
26.3200000000000	54.3930041092047
26.3600000000000	54.3694586516418
26.4000000000000	54.3459253113432
26.4400000000000	54.3224040768942
26.4800000000000	54.2988949368941
26.5200000000000	54.2753978799562
26.5600000000000	54.2519128947078
26.6000000000000	54.2284399697899
26.6400000000000	54.2049790938576
26.6800000000000	54.1815302555798
26.7200000000000	54.1580934436393
26.7600000000000	54.1346686467328
26.8000000000000	54.1112558535706
26.8400000000000	54.0878550528769
26.8800000000000	54.0644662333897
26.9200000000000	54.0410893838608
26.9600000000000	54.0177244930556
27	53.9943715497532
27.0400000000000	53.9710305427466
27.0800000000000	53.9477014608423
27.1200000000000	53.9243842928603
27.1600000000000	53.9010790276346
27.2000000000000	53.8777856540125
27.2400000000000	53.8545041608550
27.2800000000000	53.8312345370366
27.3200000000000	53.8079767714455
27.3600000000000	53.7847308529831
27.4000000000000	53.7614967705647
27.4400000000000	53.7382745131188
27.4800000000000	53.7150640695875
27.5200000000000	53.6918654289263
27.5600000000000	53.6686785801040
27.6000000000000	53.6455035121030
27.6400000000000	53.6223402139190
27.6800000000000	53.5991886745610
27.7200000000000	53.5760488830513
27.7600000000000	53.5529208284258
27.8000000000000	53.5298044997335
27.8400000000000	53.5066998860365
27.8800000000000	53.4836069764104
27.9200000000000	53.4605257599441
27.9600000000000	53.4374562257394
28	53.4143983629117
28.0400000000000	53.3913521605893
28.0800000000000	53.3683176079137
28.1200000000000	53.3452946940395
28.1600000000000	53.3222834081347
28.2000000000000	53.2992837393800
28.2400000000000	53.2762956769695
28.2800000000000	53.2533192101101
28.3200000000000	53.2303543280220
28.3600000000000	53.2074010199382
28.4000000000000	53.1844592751048
28.4400000000000	53.1615290827810
28.4800000000000	53.1386104322387
28.5200000000000	53.1157033127629
28.5600000000000	53.0928077136515
28.6000000000000	53.0699236242154
28.6400000000000	53.0470510337782
28.6800000000000	53.0241899316764
28.7200000000000	53.0013403072596
28.7600000000000	52.9785021498899
28.8000000000000	52.9556754489423
28.8400000000000	52.9328601938047
28.8800000000000	52.9100563738777
28.9200000000000	52.8872639785746
28.9600000000000	52.8644829973215
29	52.8417134195572
29.0400000000000	52.8189552347331
29.0800000000000	52.7962084323135
29.1200000000000	52.7734730017751
29.1600000000000	52.7507489326074
29.2000000000000	52.7280362143124
29.2400000000000	52.7053348364048
29.2800000000000	52.6826447884119
29.3200000000000	52.6599660598734
29.3600000000000	52.6372986403417
29.4000000000000	52.6146425193817
29.4400000000000	52.5919976865707
29.4800000000000	52.5693641314987
29.5200000000000	52.5467418437679
29.5600000000000	52.5241308129930
29.6000000000000	52.5015310288014
29.6400000000000	52.4789424808326
29.6800000000000	52.4563651587387
29.7200000000000	52.4337990521841
29.7600000000000	52.4112441508454
29.8000000000000	52.3887004444118
29.8400000000000	52.3661679225846
29.8800000000000	52.3436465750777
29.9200000000000	52.3211363916169
29.9600000000000	52.2986373619406
30	52.2761494757992
30.0400000000000	52.2536727229555
30.0800000000000	52.2312070931844
30.1200000000000	52.2087525762730
30.1600000000000	52.1863091620207
30.2000000000000	52.1638768402390
30.2400000000000	52.1414556007514
30.2800000000000	52.1190454333936
30.3200000000000	52.0966463280136
30.3600000000000	52.0742582744711
30.4000000000000	52.0518812626383
30.4400000000000	52.0295152823992
30.4800000000000	52.0071603236497
30.5200000000000	51.9848163762980
30.5600000000000	51.9624834302642
30.6000000000000	51.9401614754802
30.6400000000000	51.9178505018903
30.6800000000000	51.8955504994501
30.7200000000000	51.8732614581278
30.7600000000000	51.8509833679030
30.8000000000000	51.8287162187675
30.8400000000000	51.8064600007248
30.8800000000000	51.7842147037903
30.9200000000000	51.7619803179912
30.9600000000000	51.7397568333667
31	51.7175442399676
31.0400000000000	51.6953425278565
31.0800000000000	51.6731516871080
31.1200000000000	51.6509717078081
31.1600000000000	51.6288025800548
31.2000000000000	51.6066442939577
31.2400000000000	51.5844968396382
31.2800000000000	51.5623602072292
31.3200000000000	51.5402343868754
31.3600000000000	51.5181193687332
31.4000000000000	51.4960151429705
31.4400000000000	51.4739216997670
31.4800000000000	51.4518390293136
31.5200000000000	51.4297671218133
31.5600000000000	51.4077059674803
31.6000000000000	51.3856555565405
31.6400000000000	51.3636158792313
31.6800000000000	51.3415869258015
31.7200000000000	51.3195686865116
31.7600000000000	51.2975611516335
31.8000000000000	51.2755643114504
31.8400000000000	51.2535781562572
31.8800000000000	51.2316026763601
31.9200000000000	51.2096378620767
31.9600000000000	51.1876837037360
32	51.1657401916785
32.0400000000000	51.1438073162558
32.0800000000000	51.1218850678312
32.1200000000000	51.0999734367789
32.1600000000000	51.0780724134849
32.2000000000000	51.0561819883461
32.2400000000000	51.0343021517709
32.2800000000000	51.0124328941788
32.3200000000000	50.9905742060007
32.3600000000000	50.9687260776787
32.4000000000000	50.9468884996660
32.4400000000000	50.9250614624272
32.4800000000000	50.9032449564378
32.5200000000000	50.8814389721848
32.5600000000000	50.8596435001660
32.6000000000000	50.8378585308907
32.6400000000000	50.8160840548790
32.6800000000000	50.7943200626622
32.7200000000000	50.7725665447829
32.7600000000000	50.7508234917944
32.8000000000000	50.7290908942614
32.8400000000000	50.7073687427593
32.8800000000000	50.6856570278748
32.9200000000000	50.6639557402054
32.9600000000000	50.6422648703599
33	50.6206049734010
33.0400000000000	50.5990919011241
33.0800000000000	50.5775891433292
33.1200000000000	50.5560966907677
33.1600000000000	50.5346145342018
33.2000000000000	50.5131426644047
33.2400000000000	50.4916810721600
33.2800000000000	50.4702297482621
33.3200000000000	50.4487886835162
33.3600000000000	50.4273578687383
33.4000000000000	50.4059372947547
33.4400000000000	50.3845269524028
33.4800000000000	50.3631268325303
33.5200000000000	50.3417369259958
33.5600000000000	50.3203572236682
33.6000000000000	50.2989877164274
33.6400000000000	50.2776283951635
33.6800000000000	50.2562792507774
33.7200000000000	50.2349402741804
33.7600000000000	50.2136114562946
33.8000000000000	50.1922927880524
33.8400000000000	50.1709842603967
33.8800000000000	50.1496858642810
33.9200000000000	50.1283975906692
33.9600000000000	50.1071194305358
34	50.0858513748656
34.0400000000000	50.0645934146538
34.0800000000000	50.0433455409062
34.1200000000000	50.0221077446389
34.1600000000000	50.0008800168784
34.2000000000000	49.9796623486616
34.2400000000000	49.9584547310356
34.2800000000000	49.9372571550581
34.3200000000000	49.9160696117970
34.3600000000000	49.8948920923305
34.4000000000000	49.8737245877472
34.4400000000000	49.8525670891458
34.4800000000000	49.8314195876354
34.5200000000000	49.8102820743354
34.5600000000000	49.7891545403753
34.6000000000000	49.7680369768950
34.6400000000000	49.7469293750445
34.6800000000000	49.7258317259840
34.7200000000000	49.7047440208840
34.7600000000000	49.6836662509249
34.7878557344534	49.6689936956510
34.8000000000000	49.6625984072976
34.8106888167275	49.6569778161425
34.8400000000000	49.6417831879446
34.8800000000000	49.6278548167703
34.9200000000000	49.6172313776384
34.9600000000000	49.6804297487917
35	49.8413828512188
35.0400000000000	50.0459421504419
35.0800000000000	50.2725797681764
35.1200000000000	50.5095684282624
35.1600000000000	50.7515209178151
35.2000000000000	50.9956478212273
35.2400000000000	51.2404224766831
35.2800000000000	51.4850184338394
35.3200000000000	51.7288963765268
35.3600000000000	51.9718436955208
35.4000000000000	52.2138053827043
35.4400000000000	52.4547566528275
35.4800000000000	52.6945602539932
35.5200000000000	52.9330007261235
35.5600000000000	53.1702562217464
35.6000000000000	53.4064164719879
35.6400000000000	53.6415250543727
35.6800000000000	53.8756254257051
35.7200000000000	54.1087795481884
35.7600000000000	54.3409738255820
35.8000000000000	54.5722032547554
35.8400000000000	54.8024684204137
35.8800000000000	55.0317719518021
35.9200000000000	55.2601464540794
35.9600000000000	55.4876728662240
36	55.7143955325513
36.0400000000000	55.9403359178437
36.0800000000000	56.1655054217605
36.1200000000000	56.3898645241309
36.1600000000000	56.6133050673938
36.2000000000000	56.8359343906834
36.2400000000000	57.0578121705004
36.2800000000000	57.2789638864155
36.3200000000000	57.4994014685388
36.3600000000000	57.7191314544854
36.4000000000000	57.9382263215373
36.4400000000000	58.1568368636870
36.4800000000000	58.3749541966803
36.5200000000000	58.5925734471018
36.5600000000000	58.8096934578826
36.6000000000000	59.0263145947941
36.6400000000000	59.2424378459296
36.6800000000000	59.4580269198476
36.7200000000000	59.6731652377628
36.7600000000000	59.8880437899024
36.8000000000000	60.1027235166865
36.8400000000000	60.3172233835549
36.8800000000000	60.5315492099397
36.9200000000000	60.7457026803828
36.9600000000000	60.9596841740254
37	61.1734936566883
37.0400000000000	61.3871327275223
37.0800000000000	61.6006061050950
37.1200000000000	61.8138966292433
37.1600000000000	62.0270013692334
37.2000000000000	62.2399216947831
37.2400000000000	62.4526579427646
37.2800000000000	62.6652101058097
37.3200000000000	62.8775780602377
37.3600000000000	63.0897616432736
37.4000000000000	63.3017606792955
37.4400000000000	63.5134351592115
37.4800000000000	63.7246581112543
37.5200000000000	63.9356066076003
37.5600000000000	64.1463228080755
37.6000000000000	64.3568167808617
37.6400000000000	64.5670908999211
37.6800000000000	64.7771456853740
37.7200000000000	64.9869812088181
37.7600000000000	65.1965974331804
37.8000000000000	65.4059942953155
37.8400000000000	65.6151717261798
37.8800000000000	65.8241296557860
37.9200000000000	66.0328680144261
37.9600000000000	66.2413694429211
38	66.4496037952870
38.0400000000000	66.6576509261099
38.0800000000000	66.8655349188879
38.1200000000000	67.0732605772097
38.1600000000000	67.2808286957536
38.2000000000000	67.4882392322097
38.2400000000000	67.6954919692974
38.2800000000000	67.9025866536248
38.3200000000000	68.1095230249596
38.3600000000000	68.3163008224321
38.4000000000000	68.5229197858552
38.4400000000000	68.7293796560083
38.4800000000000	68.9356801746983
38.5200000000000	69.1418210847734
38.5600000000000	69.3478021301268
38.6000000000000	69.5536221405301
38.6400000000000	69.7592079003591
38.6800000000000	69.9646015976777
38.7200000000000	70.1698257967535
38.7600000000000	70.3748846854524
38.8000000000000	70.5797788861466
38.8400000000000	70.7845083272004
38.8800000000000	70.9890728019694
38.9200000000000	71.1934720781066
38.9600000000000	71.3977059190337
38.9840399931810	71.5203707232494
38.9959412666536	71.5810751780752
39	71.6017740753943
39.0040451569863	71.6197103696894
39.0173742595951	71.6553923901838
39.0400000000000	71.6812667032194
39.0800000000000	71.6905188401960
39.1200000000000	71.7933712799932
39.1600000000000	71.7964014134282
39.2000000000000	71.7779346489498
39.2400000000000	71.7527613282820
39.2800000000000	71.7244268900759
39.3200000000000	71.6943264167332
39.3600000000000	71.6631468322845
39.4000000000000	71.6312711947394
39.4400000000000	71.5989322027373
39.4800000000000	71.5662786309469
39.5200000000000	71.5334082746040
39.5600000000000	71.5003873815116
39.6000000000000	71.4672619309080
39.6400000000000	71.4340644772280
39.6800000000000	71.4008190228835
39.7200000000000	71.3675438792085
39.7600000000000	71.3342523558574
39.8000000000000	71.3009541929941
39.8400000000000	71.2676566214185
39.8800000000000	71.2343650913643
39.9200000000000	71.2010837802847
39.9600000000000	71.1678159509818
40	71.1345642070730
40.0400000000000	71.1013306771923
40.0800000000000	71.0681171491653
40.1200000000000	71.0349251686598
40.1600000000000	71.0017561122934
40.2000000000000	70.9686112421105
40.2400000000000	70.9354917462348
40.2800000000000	70.9023987690622
40.3200000000000	70.8693334333543
40.3600000000000	70.8362968559147
40.4000000000000	70.8032901580583
40.4400000000000	70.7703144717799
40.4800000000000	70.7373709423228
40.5200000000000	70.7044607277286
40.5600000000000	70.6715849958765
40.6000000000000	70.6387449194829
40.6400000000000	70.6059416695130
40.6800000000000	70.5731764074451
40.7200000000000	70.5404502768167
40.7600000000000	70.5077643944639
40.8000000000000	70.4751198418377
40.8400000000000	70.4425176567463
40.8800000000000	70.4099588258207
40.9200000000000	70.3774442779489
40.9600000000000	70.3449749188064
41	70.3125525805485
41.0400000000000	70.2801804214821
41.0800000000000	70.2478619362771
41.1200000000000	70.2156008965300
41.1600000000000	70.1834013723325
41.2000000000000	70.1512677523215
41.2400000000000	70.1192047618850
41.2800000000000	70.0872174791196
41.3200000000000	70.0553113480733
41.3600000000000	70.0234921887412
41.4000000000000	69.9917662032370
41.4400000000000	69.9601399775272
41.4800000000000	69.9286204780990
41.5200000000000	69.8972150429415
41.5600000000000	69.8659313662557
41.6000000000000	69.8347774763796
41.6400000000000	69.8037617065220
41.6800000000000	69.7728926580515
41.7200000000000	69.7421791562755
41.7600000000000	69.7116301988841
41.8000000000000	69.6812548910986
41.8400000000000	69.6510636392452
41.8800000000000	69.6210703570266
41.9200000000000	69.5912900969051
41.9600000000000	69.5617385069416
42	69.5324317282822
42.0400000000000	69.5033862655618
42.0800000000000	69.4746188302854
42.1200000000000	69.4461461587625
42.1600000000000	69.4179848079537
42.2000000000000	69.3901509345421
42.2400000000000	69.3626600645052
42.2800000000000	69.3355268622154
42.3200000000000	69.3087649093994
42.3600000000000	69.2823865049055
42.4000000000000	69.2564024959605
42.4400000000000	69.2308221503569
42.4800000000000	69.2056530768138
42.5200000000000	69.1809011977705
42.5600000000000	69.1565707753978
42.6000000000000	69.1326644880289
42.6400000000000	69.1091835509234
42.6800000000000	69.0861278726545
42.7200000000000	69.0634962367005
42.7600000000000	69.0412864971457
42.8000000000000	69.0194957777277
42.8400000000000	68.9981206646370
42.8800000000000	68.9771573852525
42.9200000000000	68.9566019670973
42.9600000000000	68.9364503734664
43	68.9166986141949
43.0400000000000	68.8973426223067
43.0800000000000	68.8783766981978
43.1200000000000	68.8597948956857
43.1600000000000	68.8415920581143
43.2000000000000	68.8237637508766
43.2400000000000	68.8063061856829
43.2800000000000	68.7892161421406
43.3200000000000	68.7724908909146
43.3600000000000	68.7561281213692
43.4000000000000	68.7401258754815
43.4400000000000	68.7244824889483
43.4800000000000	68.7091965397655
43.5200000000000	68.6942668041054
43.5600000000000	68.6796922190226
43.6000000000000	68.6654718513407
43.6400000000000	68.6516048719934
43.6800000000000	68.6380905350744
43.7200000000000	68.6249281608793
43.7600000000000	68.6121171222779
43.8000000000000	68.5996568338283
43.8400000000000	68.5875467431186
43.8800000000000	68.5757863239012
43.9200000000000	68.5643750706556
43.9600000000000	68.5533124942799
44	68.5425981186701
44.0400000000000	68.5322314779933
44.0800000000000	68.5222121145010
44.1200000000000	68.5125395767644
44.1600000000000	68.5032134182363
44.2000000000000	68.4942331960702
44.2400000000000	68.4855984701387
44.2800000000000	68.4773088022116
44.3200000000000	68.4693637552592
44.3600000000000	68.4617628928569
44.4000000000000	68.4545057786728
44.4400000000000	68.4475919760215
44.4800000000000	68.4410210474754
44.5200000000000	68.4347925545220
44.5600000000000	68.4289060572618
44.6000000000000	68.4233611141403
44.6400000000000	68.4181572817096
44.6800000000000	68.4132941144157
44.7200000000000	68.4087711644090
44.7600000000000	68.4045879813736
44.8000000000000	68.4007441123756
44.8400000000000	68.3972391017260
44.8800000000000	68.3940724908582
44.9200000000000	68.3912438182181
44.9600000000000	68.3887535639027
45	68.3866306450797
45.0400000000000	68.3849281533348
45.0800000000000	68.3836772904414
45.1200000000000	68.3828947433354
45.1600000000000	68.3825893319641
45.2000000000000	68.3827656416007
45.2400000000000	68.3834259970262
45.2800000000000	68.3845715260331
45.3200000000000	68.3862027262349
45.3600000000000	68.3883197636787
45.4000000000000	68.3909226283155
45.4400000000000	68.3940112140147
45.4800000000000	68.3975853593107
45.5200000000000	68.4016448679758
45.5600000000000	68.4061895193621
45.6000000000000	68.4112190736208
45.6400000000000	68.4167332743869
45.6800000000000	68.4227318502253
45.7200000000000	68.4292145154751
45.7600000000000	68.4361809708052
45.8000000000000	68.4436309036282
45.8400000000000	68.4515639884455
45.8800000000000	68.4599798871561
45.9200000000000	68.4688782493436
45.9600000000000	68.4782587125508
46	68.4881209025423
46.0400000000000	68.4984644335600
46.0800000000000	68.5092889085691
46.1200000000000	68.5205939194975
46.1600000000000	68.5323790474680
46.2000000000000	68.5446438630230
46.2400000000000	68.5573879263432
46.2800000000000	68.5706107874597
46.3200000000000	68.5843119864596
46.3600000000000	68.5984910536860
46.4000000000000	68.6131475099318
46.4400000000000	68.6282808666284
46.4800000000000	68.6438906260283
46.5200000000000	68.6599762813828
46.5600000000000	68.6765373171148
46.6000000000000	68.6935732089865
46.6400000000000	68.7110834242623
46.6800000000000	68.7290674218671
46.7200000000000	68.7475246525406
46.7600000000000	68.7664545589866
46.8000000000000	68.7858565760189
46.8400000000000	68.8057301307029
46.8800000000000	68.8260746424932
46.9200000000000	68.8468895233676
46.9600000000000	68.8681741779578
47	68.8899280036760
47.0400000000000	68.9121503908390
47.0800000000000	68.9348407227881
47.1200000000000	68.9579983760064
47.1600000000000	68.9816227202333
47.2000000000000	69.0057131185755
47.2400000000000	69.0302689276157
47.2800000000000	69.0552894975179
47.3200000000000	69.0807741721308
47.3600000000000	69.1067222890884
47.4000000000000	69.1331331799075
47.4400000000000	69.1599677829547
47.4800000000000	69.1871913614474
47.5200000000000	69.2148375234371
47.5600000000000	69.2429190423332
47.6000000000000	69.2714402705404
47.6400000000000	69.3004024172589
47.6800000000000	69.3298055248148
47.7200000000000	69.3596492035248
47.7600000000000	69.3899329028918
47.8000000000000	69.4206560109354
47.8400000000000	69.4518178903155
47.8800000000000	69.4834178913956
47.9200000000000	69.5154553569559
47.9600000000000	69.5479224130156
48	69.5807955687651
48.0400000000000	69.6140630354278
48.0800000000000	69.6477205962929
48.1200000000000	69.6817666011261
48.1600000000000	69.7162002619429
48.2000000000000	69.7510210770055
48.2400000000000	69.7862286374945
48.2800000000000	69.8218225630779
48.3200000000000	69.8578024806070
48.3600000000000	69.8941680171426
48.4000000000000	69.9309187977135
48.4400000000000	69.9680544446257
48.4800000000000	70.0055745772763
48.5200000000000	70.0434788121294
48.5600000000000	70.0817667627444
48.6000000000000	70.1204380398201
48.6400000000000	70.1594922512422
48.6800000000000	70.1989290021327
48.7200000000000	70.2387478948981
48.7600000000000	70.2789485292768
48.8000000000000	70.3195305023864
48.8400000000000	70.3604934087691
48.8800000000000	70.4018368404370
48.9200000000000	70.4435603869163
48.9600000000000	70.4856636352905
49	70.5281461702428
49.0400000000000	70.5710079146556
49.0800000000000	70.6142470054209
49.1200000000000	70.6578560195894
49.1600000000000	70.7018461794606
49.2000000000000	70.7462209357422
49.2400000000000	70.7909807127731
49.2800000000000	70.8361249389925
49.3200000000000	70.8816527160934
49.3600000000000	70.9275630382561
49.4000000000000	70.9738548635471
49.4400000000000	71.0205271370317
49.4800000000000	71.0675787982118
49.5200000000000	71.1150087834043
49.5600000000000	71.1628160264974
49.6000000000000	71.2109994591899
49.6400000000000	71.2595580110676
49.6800000000000	71.3084906096273
49.7200000000000	71.3577961802870
49.7600000000000	71.4074736463897
49.8000000000000	71.4575219292074
49.8400000000000	71.5079399479451
49.8800000000000	71.5587266197444
49.9200000000000	71.6098808596884
49.9600000000000	71.6614015808065
49.9903502526025	71.7007371124132
50	71.7132876923305
50.0100262006008	71.7238007435420
50.0400000000000	71.7391529556860
50.0800000000000	71.7435099515742
50.1200000000000	71.7416595164991
50.1600000000000	71.7371731791431
50.2000000000000	71.7313918348081
50.2400000000000	71.7249308950580
50.2800000000000	71.7181023970634
50.3200000000000	71.7110731002698
50.3600000000000	71.7039347245990
50.4000000000000	71.6967385291508
50.4400000000000	71.6895134166138
50.4800000000000	71.6822757637139
50.5200000000000	71.6750348735362
50.5600000000000	71.6677960367959
50.6000000000000	71.6605622626607
50.6400000000000	71.6533352612046
50.6800000000000	71.6461160022931
50.7200000000000	71.6389050338908
50.7600000000000	71.6317026634609
50.8000000000000	71.6245090613726
50.8400000000000	71.6173243198544
50.8800000000000	71.6101484866026
50.9200000000000	71.6029815839412
50.9600000000000	71.5958236197423
51	71.5886745936503
51.0400000000000	71.5815345006290
51.0800000000000	71.5744033329817
51.1200000000000	71.5672810815034
51.1600000000000	71.5601677361359
51.2000000000000	71.5530632863416
51.2400000000000	71.5459677213159
51.2800000000000	71.5388810301083
51.3200000000000	71.5318032016917
51.3600000000000	71.5247342250012
51.4000000000000	71.5176740889564
51.4400000000000	71.5106227824742
51.4800000000000	71.5035802944764
51.5200000000000	71.4965466138930
51.5600000000000	71.4895217296651
51.6000000000000	71.4825056307462
51.6400000000000	71.4754983061024
51.6800000000000	71.4684997447137
51.7200000000000	71.4615099355734
51.7600000000000	71.4545288676885
51.8000000000000	71.4475565300802
51.8400000000000	71.4405929117830
51.8800000000000	71.4336380018458
51.9200000000000	71.4266917893310
51.9600000000000	71.4197542633148
52	71.4128254128874
52.0400000000000	71.4059052271528
52.0800000000000	71.3989936952286
52.1200000000000	71.3920908062464
52.1600000000000	71.3851965493515
52.2000000000000	71.3783109137028
52.2400000000000	71.3714338884731
52.2800000000000	71.3645654628487
52.3200000000000	71.3577056260299
52.3600000000000	71.3508543672303
52.4000000000000	71.3440116756773
52.4400000000000	71.3371775406121
52.4800000000000	71.3303519512893
52.5200000000000	71.3235348969772
52.5600000000000	71.3167263669577
52.6000000000000	71.3099263505261
52.6400000000000	71.3031348369914
52.6800000000000	71.2963518156762
52.7200000000000	71.2895772759163
52.7600000000000	71.2828112070614
52.8000000000000	71.2760535984744
52.8400000000000	71.2693044395317
52.8800000000000	71.2625637196232
52.9200000000000	71.2558314281523
52.9600000000000	71.2491075545355
53	71.2423920882031
53.0400000000000	71.2356850185985
53.0800000000000	71.2289863351785
53.1200000000000	71.2222960274132
53.1600000000000	71.2156140847863
53.2000000000000	71.2089404967945
53.2400000000000	71.2022752529478
53.2800000000000	71.1956183427697
53.3200000000000	71.1889697557967
53.3600000000000	71.1823294815787
53.4000000000000	71.1756975096787
53.4400000000000	71.1690738296731
53.4800000000000	71.1624584311512
53.5115422405554	71.1600201512240
53.5200000000000	71.1691800278799
53.5498872893149	71.2261986474783
53.5600000000000	71.2514855603928
53.6000000000000	71.3716517337715
53.6400000000000	71.3807842597943
53.6800000000000	71.4943083426759
53.7200000000000	71.6865779472622
53.7600000000000	71.8977720364668
53.8000000000000	72.1125074953105
53.8400000000000	72.3276896301666
53.8800000000000	72.5426600020042
53.9200000000000	72.7572983497743
53.9600000000000	72.9715826432542
54	73.1855090932889
54.0400000000000	73.3990773219927
54.0800000000000	73.6122875926004
54.1200000000000	73.8251402892866
54.1600000000000	74.0376358190074
54.2000000000000	74.2497745928902
54.2400000000000	74.4615570226894
54.2800000000000	74.6729835201113
54.3200000000000	74.8840544966863
54.3600000000000	75.0947703637476
54.4000000000000	75.3051315324290
54.4400000000000	75.5151384136682
54.4800000000000	75.7247914182090
54.5200000000000	75.9340909566049
54.5600000000000	76.1430374392224
54.6000000000000	76.3516312762439
54.6400000000000	76.5598728776708
54.6800000000000	76.7677626533265
54.7200000000000	76.9753010128593
54.7600000000000	77.1824883657454
54.8000000000000	77.3893251212918
54.8400000000000	77.5958116886387
54.8800000000000	77.8019484767627
54.9200000000000	78.0077358944792
54.9600000000000	78.2131743504451
55	78.4182561764468
55.0400000000000	78.6227805338688
55.0800000000000	78.8268547961486
55.1200000000000	79.0305393051617
55.1600000000000	79.2338456735091
55.2000000000000	79.4367764369341
55.2400000000000	79.6393324623173
55.2800000000000	79.8415143120013
55.3200000000000	80.0433224930964
55.3600000000000	80.2447575027479
55.4000000000000	80.4458198363083
55.4400000000000	80.6465099888029
55.4800000000000	80.8468284551911
55.5200000000000	81.0127351429683
55.5600000000000	81.0623807883123
55.6000000000000	81.0775387249898
55.6400000000000	81.2330685652568
55.6800000000000	81.2642488444404
55.7200000000000	81.2650269656484
55.7600000000000	81.2561837058973
55.8000000000000	81.2431079549605
55.8400000000000	81.2277695592329
55.8800000000000	81.2111016629566
55.9200000000000	81.1936115056480
55.9600000000000	81.1755981991983
56	81.1572473965161
56.0400000000000	81.1386782317058
56.0800000000000	81.1199688581651
56.1200000000000	81.1011713065509
56.1600000000000	81.0823205600747
56.2000000000000	81.0634402956304
56.2400000000000	81.0445466077921
56.2800000000000	81.0256504675058
56.3200000000000	81.0067593656005
56.3600000000000	80.9878784208584
56.4000000000000	80.9690111315044
56.4400000000000	80.9501598869170
56.4800000000000	80.9313263170117
56.5200000000000	80.9125115312227
56.5600000000000	80.8937162821593
56.6000000000000	80.8749410777640
56.6400000000000	80.8561862582099
56.6800000000000	80.8374520486369
56.7200000000000	80.8187385953199
56.7600000000000	80.8000459904766
56.8000000000000	80.7813742892792
56.8400000000000	80.7627235215218
56.8800000000000	80.7440936996181
56.9200000000000	80.7254848240857
56.9600000000000	80.7068968873042
57	80.6883298760905
57.0400000000000	80.6697837734636
57.0800000000000	80.6512585598533
57.1200000000000	80.6327542139280
57.1600000000000	80.6142708604918
57.2000000000000	80.5958091200510
57.2400000000000	80.5773695221056
57.2800000000000	80.5589524075843
57.3200000000000	80.5405579924393
57.3600000000000	80.5221864098015
57.4000000000000	80.5038377379304
57.4400000000000	80.4855120187428
57.4800000000000	80.4672092700942
57.5200000000000	80.4489294939180
57.5600000000000	80.4306726816182
57.6000000000000	80.4124388176416
57.6400000000000	80.3942278818433
57.6800000000000	80.3760398510534
57.7200000000000	80.3578747001136
57.7600000000000	80.3397324025634
57.8000000000000	80.3216129310941
57.8400000000000	80.3035162578489
57.8800000000000	80.2854423546218
57.9200000000000	80.2673911929883
57.9600000000000	80.2493627443928
58	80.2313569802053
58.0400000000000	80.2133738717595
58.0800000000000	80.1954133903779
58.1200000000000	80.1774755073879
58.1600000000000	80.1595601941331
58.2000000000000	80.1416674219802
58.2400000000000	80.1237971623236
58.2800000000000	80.1059493865888
58.3200000000000	80.0881240662340
58.3600000000000	80.0703211727519
58.4000000000000	80.0525406776702
58.4400000000000	80.0347825525522
58.4800000000000	80.0170467689972
58.5200000000000	79.9993332986408
58.5600000000000	79.9816421131547
58.6000000000000	79.9639731842471
58.6400000000000	79.9463264836627
58.6800000000000	79.9287019831823
58.7200000000000	79.9110996546234
58.7600000000000	79.8935194698396
58.8000000000000	79.8759614007210
58.8400000000000	79.8584254191938
58.8800000000000	79.8409114972207
58.9200000000000	79.8234196068002
58.9600000000000	79.8059497199673
59	79.7885018087928
59.0400000000000	79.7710758453839
59.0800000000000	79.7536718018835
59.1200000000000	79.7362896504705
59.1600000000000	79.7189293633598
59.2000000000000	79.7015909128021
59.2400000000000	79.6842742710839
59.2800000000000	79.6669794105275
59.3200000000000	79.6497063034908
59.3600000000000	79.6324549223677
59.4000000000000	79.6152252395872
59.4400000000000	79.5980172276144
59.4800000000000	79.5808308589494
59.5200000000000	79.5636661061283
59.5600000000000	79.5465229417221
59.6000000000000	79.5294013383377
59.6400000000000	79.5123012686170
59.6800000000000	79.4952227052372
59.7200000000000	79.4781656209109
59.7600000000000	79.4611299883857
59.8000000000000	79.4441157804445
59.8400000000000	79.4271229699053
59.8800000000000	79.4101515296210
59.9200000000000	79.3932014324796
59.9600000000000	79.3762726514041
60	79.3593651593523
60.0400000000000	79.3424789293171
60.0800000000000	79.3256139343258
60.1200000000000	79.3087701474409
60.1600000000000	79.2919475417593
60.2000000000000	79.2751460904128
60.2400000000000	79.2583657665678
60.2800000000000	79.2416065434251
60.3200000000000	79.2248683942203
60.3600000000000	79.2081512922233
60.4000000000000	79.1914552107385
60.4400000000000	79.1747801231048
60.4800000000000	79.1581260026953
60.5200000000000	79.1414928229176
60.5600000000000	79.1248805572133
60.6000000000000	79.1082891790584
60.6400000000000	79.0917186619631
60.6800000000000	79.0751689794716
60.7200000000000	79.0586401051623
60.7600000000000	79.0421320126476
60.8000000000000	79.0256446755739
60.8400000000000	79.0091780676214
60.8800000000000	78.9927321625044
60.9200000000000	78.9763069339710
60.9600000000000	78.9599023558032
61	78.9435184018164
61.0400000000000	78.9271550458601
61.0800000000000	78.9108122618175
61.1200000000000	78.8944900236051
61.1600000000000	78.8781883051732
61.2000000000000	78.8619070805057
61.2400000000000	78.8456463236199
61.2800000000000	78.8294060085664
61.3200000000000	78.8131861094296
61.3600000000000	78.7969866003270
61.4000000000000	78.7808074554093
61.4400000000000	78.7646486488608
61.4800000000000	78.7485101548988
61.5200000000000	78.7323919477738
61.5600000000000	78.7162940017696
61.6000000000000	78.7002162912029
61.6400000000000	78.6841587904236
61.6800000000000	78.6681214738146
61.7200000000000	78.6521043157916
61.7600000000000	78.6361072908035
61.8000000000000	78.6201303733318
61.8400000000000	78.6041735378911
61.8800000000000	78.5882367590285
61.9200000000000	78.5723200113242
61.9600000000000	78.5564232693907
61.9869530188548	78.5457229089357
62	78.5405465078733
62.0111138549294	78.5393627765205
62.0400000000000	78.5715171148111
62.0800000000000	78.6663108352078
62.1200000000000	78.6573710189889
62.1600000000000	78.7192793630317
62.2000000000000	78.8782675895685
62.2358651516376	79.0499136032716
62.2400000000000	79.0700223256546
62.2606742418120	79.1715389533420
62.2800000000000	79.2670977958510
62.3200000000000	79.4652423716753
62.3600000000000	79.6631660277460
62.4000000000000	79.8607474621560
62.4400000000000	80.0579659155158
62.4800000000000	80.2548181585329
62.5200000000000	80.4513040388092
62.5600000000000	80.6474239432762
62.6000000000000	80.8431783531187
62.6400000000000	81.0385677658964
62.6800000000000	81.2335926819475
62.7200000000000	81.4282536020194
62.7600000000000	81.6225510268556
62.8000000000000	81.8164854571224
62.8400000000000	82.0100573933949
62.8800000000000	82.2032656182219
62.9200000000000	82.3960852734209
62.9600000000000	82.5884958647690
63	82.7804951962766
63.0400000000000	82.9720835234144
63.0800000000000	83.1632615247774
63.1200000000000	83.3540299513004
63.1600000000000	83.5443895655626
63.2000000000000	83.7343411312811
63.2400000000000	83.9238854114917
63.2800000000000	84.1130231682335
63.3200000000000	84.3017551624959
63.3600000000000	84.4900821542094
63.4000000000000	84.6780049022455
63.4400000000000	84.8655241644170
63.4800000000000	85.0526406974790
63.5200000000000	85.2393552571300
63.5600000000000	85.4256685980127
63.6000000000000	85.6115814737153
63.6400000000000	85.7970946367716
63.6800000000000	85.9822088386630
63.7200000000000	86.1669248298187
63.7600000000000	86.3512433596168
63.8000000000000	86.5351651763852
63.8400000000000	86.7186910274025
63.8800000000000	86.9018216588990
63.9200000000000	87.0845578160574
63.9600000000000	87.2669002430136
64	87.4488496828580
64.0400000000000	87.6304068776358
64.0800000000000	87.8115725683482
64.1200000000000	87.9923474949531
64.1600000000000	88.1727323963660
64.2000000000000	88.3527280104609
64.2400000000000	88.5323350740707
64.2800000000000	88.7115543229887
64.3200000000000	88.8903864919687
64.3600000000000	89.0688323147262
64.4000000000000	89.2468925239393
64.4400000000000	89.4245678512490
64.4800000000000	89.6018590272606
64.5200000000000	89.7787667815438
64.5600000000000	89.9552918426341
64.6000000000000	90.1314349380331
64.6400000000000	90.3071967942094
64.6800000000000	90.4825781365995
64.7200000000000	90.6575796896082
64.7600000000000	90.8322021766097
64.8000000000000	91.0064463199483
64.8400000000000	91.1803128409387
64.8800000000000	91.3538024598673
64.9200000000000	91.5269158959924
64.9600000000000	91.6996538675454
65	91.8720170917310
65.0400000000000	92.0440062847283
65.0800000000000	92.2156221616915
65.1200000000000	92.3868654367502
65.1600000000000	92.5577258699569
65.2000000000000	92.7281601680658
65.2400000000000	92.8981499343288
65.2800000000000	93.0676928805424
65.3200000000000	93.2367894802028
65.3600000000000	93.4054407726641
65.4000000000000	93.5736479117311
65.4400000000000	93.7414120724110
65.4800000000000	93.9087344315647
65.5200000000000	94.0756161638777
65.5600000000000	94.2420584410238
65.6000000000000	94.4080624314964
65.6400000000000	94.5736293005809
65.6800000000000	94.7387602103563
65.7200000000000	94.9034563197035
65.7600000000000	95.0677187843146
65.8000000000000	95.2315487567024
65.8400000000000	95.3949473862105
65.8800000000000	95.5579158190224
65.9200000000000	95.7204551981718
65.9600000000000	95.8825666635513
66	96.0442513519227
66.0400000000000	96.2055103969264
66.0800000000000	96.3663449290904
66.1200000000000	96.5267560758401
66.1600000000000	96.6867449615078
66.2000000000000	96.8463127073419
66.2400000000000	97.0054604315159
66.2800000000000	97.1641892491385
66.3200000000000	97.3225002722620
66.3600000000000	97.4803946098918
66.4000000000000	97.6378733679962
66.4400000000000	97.7949376495145
66.4800000000000	97.9515885543668
66.5200000000000	98.1078271794629
66.5600000000000	98.2636546187113
66.6000000000000	98.4190719630284
66.6400000000000	98.5740803003473
66.6800000000000	98.7286807156265
66.7200000000000	98.8828742908594
66.7600000000000	99.0366621050826
66.8000000000000	99.1900452343853
66.8400000000000	99.3430247519176
66.8800000000000	99.4956017278995
66.9200000000000	99.6477772296295
66.9600000000000	99.7995523214937
67	99.9509280649740
67.0400000000000	100.355109237588
67.0731356596880	100.531662535441
67.0800000000000	100.559860187012
67.1143217015601	100.680621734525
67.1200000000000	100.698423605832
67.1483914921995	100.782625765035
67.1600000000000	100.815678271837
67.2000000000000	100.927120871690
67.2400000000000	101.037302165883
67.2800000000000	101.147134996469
67.3200000000000	101.256814380446
67.3600000000000	101.366381738203
67.4000000000000	101.475845858533
67.4400000000000	101.585208595902
67.4800000000000	101.694470329335
67.5200000000000	101.803631123618
67.5600000000000	101.912690976711
67.6000000000000	102.021649872544
67.6400000000000	102.130507792304
67.6800000000000	102.239264716852
67.7200000000000	102.347920627242
67.7600000000000	102.456475504830
67.8000000000000	102.564929331298
67.8400000000000	102.673282088659
67.8800000000000	102.781533759258
67.9200000000000	102.889684325770
67.9600000000000	102.997733771201
67.9860276121049	103.067986182478
68	103.105682078024
68.0115836542012	103.124775660264
68.0400000000000	103.133017165234
68.0800000000000	103.116159030312
68.1200000000000	103.087391676532
68.1600000000000	103.053038682356
68.2000000000000	103.015506869140
68.2400000000000	102.975975480356
68.2800000000000	102.935109595413
68.3200000000000	102.893319496867
68.3600000000000	102.850874357671
68.4000000000000	102.807958756166
68.4400000000000	102.764703463793
68.4800000000000	102.721202960366
68.5200000000000	102.677524416552
68.5600000000000	102.633717750453
68.6000000000000	102.589821466440
68.6400000000000	102.545865514274
68.6800000000000	102.501873343249
68.7200000000000	102.457863407612
68.7600000000000	102.413850288560
68.8000000000000	102.369845542271
68.8400000000000	102.325858348393
68.8800000000000	102.281896010717
68.9200000000000	102.237964346810
68.9600000000000	102.194067993200
69	102.150210645658
69.0400000000000	102.106395249209
69.0800000000000	102.062624148884
69.1200000000000	102.018899209663
69.1600000000000	101.975221912109
69.2000000000000	101.931593428752
69.2400000000000	101.888014685182
69.2800000000000	101.844486408956
69.3200000000000	101.801009168789
69.3600000000000	101.757583405978
69.4000000000000	101.714209459599
69.4400000000000	101.670887586732
69.4800000000000	101.627617978685
69.5200000000000	101.584400774022
69.5600000000000	101.541236069016
69.6000000000000	101.498123926038
69.6400000000000	101.455064380294
69.6800000000000	101.412057445231
69.7200000000000	101.369103116874
69.7600000000000	101.326201377305
69.8000000000000	101.283352197457
69.8400000000000	101.240555539353
69.8800000000000	101.197811357902
69.9200000000000	101.155119602340
69.9600000000000	101.112480217385
70	101.069893144160
70.0400000000000	101.027358320938
70.0800000000000	100.984875683735
70.1200000000000	100.942445166783
70.1600000000000	100.900066702916
70.2000000000000	100.857740223872
70.2400000000000	100.815465660538
70.2800000000000	100.773242943146
70.3200000000000	100.731072001428
70.3600000000000	100.688952764742
70.4000000000000	100.646885162172
70.4400000000000	100.604869122607
70.4800000000000	100.562904574808
70.5200000000000	100.520991447453
70.5600000000000	100.479129669182
70.6000000000000	100.437319168632
70.6400000000000	100.395559874454
70.6800000000000	100.353851715343
70.7200000000000	100.312194620048
70.7600000000000	100.270588517390
70.8000000000000	100.229033336269
70.8400000000000	100.187529005670
70.8800000000000	100.146075454677
70.9200000000000	100.104672612472
70.9600000000000	100.063320408339
71	100.022018771672
71.0400000000000	99.9807676319719
71.0800000000000	99.9395669188518
71.1200000000000	99.8984165620374
71.1600000000000	99.8573164913686
71.2000000000000	99.8162666367997
71.2400000000000	99.7752669284004
71.2800000000000	99.7343172963562
71.3200000000000	99.6934176709687
71.3600000000000	99.6525679826559
71.4000000000000	99.6117681619520
71.4400000000000	99.5710181395075
71.4800000000000	99.5303178460895
71.5200000000000	99.4896672125812
71.5600000000000	99.4490661699822
71.6000000000000	99.4085146494079
71.6400000000000	99.3680125820897
71.6800000000000	99.3275598993746
71.7200000000000	99.2871565327252
71.7600000000000	99.2468024137194
71.8000000000000	99.2064974740502
71.8400000000000	99.1662416455252
71.8800000000000	99.1260348600671
71.9200000000000	99.0858770497127
71.9600000000000	99.0457681466129
72	99.0057080830330
72.0400000000000	98.9656967913515
72.0800000000000	98.9257342040606
72.1200000000000	98.8858202537659
72.1600000000000	98.8459548731857
72.2000000000000	98.8061379951513
72.2400000000000	98.7663695526064
72.2800000000000	98.7266494786071
72.3200000000000	98.6869777063215
72.3600000000000	98.6473541690294
72.4000000000000	98.6077788001224
72.4400000000000	98.5682515331033
72.4800000000000	98.5287723015861
72.5200000000000	98.4893410392955
72.5600000000000	98.4499576800671
72.6000000000000	98.4106221578467
72.6400000000000	98.3713344066905
72.6800000000000	98.3320943607642
72.7200000000000	98.2929019543437
72.7600000000000	98.2537571218141
72.8000000000000	98.2146597976697
72.8400000000000	98.1756099165141
72.8800000000000	98.1366074130595
72.9200000000000	98.0976522221265
72.9600000000000	98.0587442786442
73	98.0198835176499
73.0400000000000	97.9810698742886
73.0800000000000	97.9423032838130
73.1200000000000	97.9035836815831
73.1600000000000	97.8649110030663
73.2000000000000	97.8262851838369
73.2400000000000	97.7877061595757
73.2800000000000	97.7491738660704
73.3200000000000	97.7106882392148
73.3600000000000	97.6722492150087
73.4000000000000	97.6338567295578
73.4400000000000	97.5955107190735
73.4800000000000	97.5572111198727
73.5200000000000	97.5189578683771
73.5600000000000	97.4807509011137
73.6000000000000	97.4425901547143
73.6400000000000	97.4044755659149
73.6800000000000	97.3664070715561
73.7200000000000	97.3283846085824
73.7600000000000	97.2904081140424
73.8000000000000	97.2524775250881
73.8400000000000	97.2145927789751
73.8800000000000	97.1767538130623
73.9200000000000	97.1389605648113
73.9600000000000	97.1012129717869
74	97.0635109716562
74.0400000000000	97.0258545021889
74.0800000000000	96.9882435012566
74.1200000000000	96.9506779068330
74.1600000000000	96.9131576569935
74.2000000000000	96.8756826899151
74.2400000000000	96.8382529438762
74.2800000000000	96.8008683572560
74.3200000000000	96.7635288685348
74.3600000000000	96.7262344162936
74.4000000000000	96.6889849392139
74.4400000000000	96.6517803760774
74.4800000000000	96.6146206657659
74.5200000000000	96.5775057472611
74.5600000000000	96.5404355596443
74.6000000000000	96.5034100420963
74.6400000000000	96.4664291338971
74.6800000000000	96.4294927744258
74.7200000000000	96.3926009031602
74.7600000000000	96.3557534596771
74.8000000000000	96.3189503836512
74.8400000000000	96.2821916148560
74.8800000000000	96.2454770931626
74.9200000000000	96.2088067585401
74.9600000000000	96.1721805510552
75	96.1355984108722
75.0400000000000	96.0990602782523
75.0800000000000	96.0625660935541
75.1200000000000	96.0261157972327
75.1600000000000	95.9897093298400
75.2000000000000	95.9533466320244
75.2400000000000	95.9170276445306
75.2800000000000	95.8807523081990
75.3200000000000	95.8445205639662
75.3600000000000	95.8083323528644
75.4000000000000	95.7721876160210
75.4400000000000	95.7360862946591
75.4800000000000	95.7000283300966
75.5200000000000	95.6640136637462
75.5600000000000	95.6280422371155
75.6000000000000	95.5921139918066
75.6400000000000	95.5562288695157
75.6800000000000	95.5203868120333
75.7200000000000	95.4845877612437
75.7600000000000	95.4488316591251
75.8000000000000	95.4131184477491
75.8400000000000	95.3774480692807
75.8800000000000	95.3418204659780
75.9200000000000	95.3062355801923
75.9600000000000	95.2706933543673
76	95.2351937310398
76.0400000000000	95.1997366528386
76.0800000000000	95.1643220624849
76.1200000000000	95.1289499027919
76.1600000000000	95.0936201166648
76.2000000000000	95.0583326471003
76.2400000000000	95.0230874371866
76.2800000000000	94.9878844301034
76.3200000000000	94.9527235691213
76.3600000000000	94.9176047976019
76.4000000000000	94.8825280589977
76.4400000000000	94.8474932968516
76.4800000000000	94.8125004547969
76.5200000000000	94.7775494765572
76.5600000000000	94.7426403059462
76.6000000000000	94.7077728868672
76.6400000000000	94.6729471633135
76.6800000000000	94.6381630793676
76.7200000000000	94.6034205792015
76.7600000000000	94.5687196070763
76.8000000000000	94.5340601073419
76.8400000000000	94.4994420244372
76.8800000000000	94.4648653028897
76.9200000000000	94.4303298873151
76.9600000000000	94.3958357224175
77	94.3613827529893
77.0400000000000	94.3269709239104
77.0800000000000	94.2926001801486
77.1200000000000	94.2582704667593
77.1600000000000	94.2239817288853
77.2000000000000	94.1897339117564
77.2338532724323	94.1666651708594
77.2400000000000	94.1635408395410
77.2707336378383	94.1530080644645
77.2800000000000	94.1514132559242
77.3200000000000	94.1512172493785
77.3600000000000	94.1581598510058
77.4000000000000	94.1684303674652
77.4400000000000	94.1800535866916
77.4800000000000	94.1921890957785
77.5200000000000	94.2045073486963
77.5600000000000	94.2168831144761
77.6000000000000	94.2292693627248
77.6400000000000	94.2416485140799
77.6800000000000	94.2540140160786
77.7200000000000	94.2663634366200
77.7600000000000	94.2786958823430
77.8000000000000	94.2910110344921
77.8400000000000	94.3033087889062
77.8800000000000	94.3155891215752
77.9200000000000	94.3278520384212
77.9600000000000	94.3400975565357
78	94.3523256971679
78.0400000000000	94.3645364831032
78.0800000000000	94.3767299376831
78.1200000000000	94.3889060844389
78.1600000000000	94.4010649469541
78.2000000000000	94.4132065488135
78.2400000000000	94.4253309135838
78.2800000000000	94.4374380648065
78.3200000000000	94.4495280259953
78.3600000000000	94.4616008206349
78.4000000000000	94.4736564721809
78.4400000000000	94.4856950040596
78.4800000000000	94.4977164396679
78.5200000000000	94.5097208023734
78.5600000000000	94.5217081155145
78.6000000000000	94.5336784024000
78.6400000000000	94.5456316863098
78.6800000000000	94.5575679904944
78.7200000000000	94.5694873381752
78.7600000000000	94.5813897525442
78.8000000000000	94.5932752567647
78.8400000000000	94.6051438739704
78.8800000000000	94.6169956272662
78.9200000000000	94.6288305397280
78.9600000000000	94.6406486344025
79	94.6524499343074
79.0400000000000	94.6642344624317
79.0800000000000	94.6760022417352
79.1200000000000	94.6877532951489
79.1600000000000	94.6994876455749
79.2000000000000	94.7112053158864
79.2400000000000	94.7229063289280
79.2800000000000	94.7345907075151
79.3200000000000	94.7462584744349
79.3600000000000	94.7579096524454
79.4000000000000	94.7695442642760
79.4400000000000	94.7811623326276
79.4800000000000	94.7927638801724
79.5200000000000	94.8043489295538
79.5600000000000	94.8159175033867
79.6000000000000	94.8274696242577
79.6400000000000	94.8390053147245
79.6800000000000	94.8505245973165
79.7200000000000	94.8620274945347
79.7600000000000	94.8735140288513
79.8000000000000	94.8849842227106
79.8400000000000	94.8964380985281
79.8800000000000	94.9078756786911
79.9200000000000	94.9192969855587
79.9600000000000	94.9307020414615
80	94.9420908687018
80.0400000000000	94.9534634895540
80.0800000000000	94.9648199262639
80.1200000000000	94.9761602010493
80.1600000000000	94.9874843360998
80.2000000000000	94.9987923535771
80.2400000000000	95.0100842756143
80.2800000000000	95.0213601243170
80.3200000000000	95.0326199217624
80.3600000000000	95.0438636899998
80.4000000000000	95.0550914510505
80.4400000000000	95.0663032269079
80.4800000000000	95.0774990395375
80.5200000000000	95.0886789108767
80.5600000000000	95.0998428628354
80.6000000000000	95.1109909172952
80.6400000000000	95.1221230961103
80.6800000000000	95.1332394211070
80.7200000000000	95.1443399140837
80.7600000000000	95.1554245968113
80.8000000000000	95.1664934910329
80.8400000000000	95.1775466184638
80.8800000000000	95.1885840007919
80.9200000000000	95.1996056596775
80.9600000000000	95.2106116167530
81	95.2216018936236
81.0400000000000	95.2325765118669
81.0800000000000	95.2435354930329
81.1200000000000	95.2544788586442
81.1600000000000	95.2654066301960
81.2000000000000	95.2763188291559
81.2400000000000	95.2872154769645
81.2800000000000	95.2980965950347
81.3200000000000	95.3089622047522
81.3600000000000	95.3198123274755
81.4000000000000	95.3306469845357
81.4400000000000	95.3414661972367
81.4800000000000	95.3522699868553
81.5200000000000	95.3630583746410
81.5600000000000	95.3738313818161
81.6000000000000	95.3845890295760
81.6400000000000	95.3953313390887
81.6800000000000	95.4060583314956
81.7200000000000	95.4167700279105
81.7600000000000	95.4274664494205
81.8000000000000	95.4381476170859
81.8400000000000	95.4488135519396
81.8800000000000	95.4594642749880
81.9200000000000	95.4700998072103
81.9600000000000	95.4807201695590
82	95.4913253829598
82.0400000000000	95.5019154683114
82.0800000000000	95.5124904464859
82.1200000000000	95.5230503383286
82.1600000000000	95.5335951646580
82.2000000000000	95.5441249462661
82.2400000000000	95.5546397039179
82.2800000000000	95.5651394583521
82.3200000000000	95.5756242302807
82.3600000000000	95.5860940403890
82.4000000000000	95.5965489093358
82.4400000000000	95.6069888577534
82.4800000000000	95.6174139062476
82.5200000000000	95.6278240753977
82.5600000000000	95.6382193857567
82.6000000000000	95.6485998578510
82.6400000000000	95.6589655121806
82.6800000000000	95.6693163692195
82.7200000000000	95.6796524494148
82.7600000000000	95.6899737731878
82.8000000000000	95.7002803609333
82.8400000000000	95.7105722330199
82.8800000000000	95.7208494097899
82.9200000000000	95.7311119115596
82.9600000000000	95.7413597586189
83	95.7515929712319
83.0400000000000	95.7618115696362
83.0800000000000	95.7720155740436
83.1200000000000	95.7822050046398
83.1600000000000	95.7923798815844
83.2000000000000	95.8025402250111
83.2400000000000	95.8126860550276
83.2800000000000	95.8228173917157
83.3200000000000	95.8329342551312
83.3600000000000	95.8430366653041
83.4000000000000	95.8531246422385
83.4400000000000	95.8631982059128
83.4800000000000	95.8732573762794
83.5200000000000	95.8833021732652
83.5600000000000	95.8933326167711
83.6000000000000	95.9033487266723
83.6400000000000	95.9133505228185
83.6800000000000	95.9233380250337
83.7200000000000	95.9333112531162
83.7600000000000	95.9432702268386
83.8000000000000	95.9532149659482
83.8400000000000	95.9631454901666
83.8800000000000	95.9730618191898
83.9200000000000	95.9829639726885
83.9600000000000	95.9928519703077
84	96.0027258316672
84.0400000000000	96.0125855763614
84.0800000000000	96.0224312239590
84.1200000000000	96.0322627940036
84.1600000000000	96.0420803060136
84.2000000000000	96.0518837794818
84.2400000000000	96.0616732338760
84.2800000000000	96.0714486886386
84.3200000000000	96.0812101631867
84.3600000000000	96.0909576769125
84.4000000000000	96.1006912491829
84.4400000000000	96.1104108993395
84.4800000000000	96.1201166466991
84.5200000000000	96.1298085105532
84.5600000000000	96.1394865101683
84.6000000000000	96.1491506647860
84.6400000000000	96.1588009936228
84.6800000000000	96.1684375158702
84.7200000000000	96.1780602506948
84.7600000000000	96.1876692172383
84.8000000000000	96.1972644346177
84.8400000000000	96.2068459219247
84.8800000000000	96.2164136982267
84.9200000000000	96.2259677825659
84.9600000000000	96.2355081939598
85	96.2450349514013
85.0400000000000	96.2545480738585
85.0800000000000	96.2640475802748
85.1200000000000	96.2735334895690
85.1600000000000	96.2830058206351
85.2000000000000	96.2924645923427
85.2400000000000	96.3019098235366
85.2800000000000	96.3113415330373
85.3200000000000	96.3207597396406
85.3600000000000	96.3301644621177
85.4000000000000	96.3395557192157
85.4400000000000	96.3489335296568
85.4800000000000	96.3582979121390
85.5200000000000	96.3676488853361
85.5600000000000	96.3769864678972
85.6000000000000	96.3863106784472
85.6332810332267	96.3802807242261
85.6400000000000	96.3776083533099
85.6735948338665	96.3602106296182
85.6800000000000	96.3563299530200
85.7120258306674	96.3351207975071
85.7200000000000	96.3294669088422
85.7600000000000	96.2995184075487
85.8000000000000	96.2676523898445
85.8400000000000	96.2345160932497
85.8800000000000	96.2005065849050
85.9200000000000	96.1658829365075
85.9600000000000	96.1308217221488
86	96.0954471735881
86.0400000000000	96.0598487785317
86.0800000000000	96.0240921448174
86.1200000000000	95.9882260170879
86.1600000000000	95.9522869775809
86.2000000000000	95.9163026906905
86.2400000000000	95.8802941973414
86.2800000000000	95.8442775695759
86.3200000000000	95.8082651227367
86.3600000000000	95.7722663148102
86.4000000000000	95.7362884203834
86.4400000000000	95.7003370397054
86.4800000000000	95.6644164855844
86.5200000000000	95.6285300788597
86.5600000000000	95.5926803748926
86.6000000000000	95.5568693376799
86.6400000000000	95.5210984739931
86.6800000000000	95.4853689368911
86.7200000000000	95.4496816056956
86.7600000000000	95.4140371478371
86.8000000000000	95.3784360667111
86.8400000000000	95.3428787387246
86.8800000000000	95.3073654419831
86.9200000000000	95.2718963785081
86.9600000000000	95.2364716914440
87	95.2010914783858
87.0400000000000	95.1657558016997
87.0800000000000	95.1304646965165
87.1200000000000	95.0952181769186
87.1600000000000	95.0600162407313
87.2000000000000	95.0248588732299
87.2400000000000	94.9897460500088
87.2800000000000	94.9546777392007
87.3200000000000	94.9196539031938
87.3600000000000	94.8846744999586
87.4000000000000	94.8497394840747
87.4400000000000	94.8148488075235
87.4800000000000	94.7800024203011
87.5200000000000	94.7452002708919
87.5600000000000	94.7104423066338
87.6000000000000	94.6757284740006
87.6400000000000	94.6410587188198
87.6800000000000	94.6064329864407
87.7200000000000	94.5718512218640
87.7600000000000	94.5373133698414
87.8000000000000	94.5028193749533
87.8400000000000	94.4683691816675
87.8800000000000	94.4339627343853
87.9200000000000	94.3995999774763
87.9600000000000	94.3652808553059
88	94.3310053122557
88.0400000000000	94.2967732927397
88.0800000000000	94.2625847412166
88.1200000000000	94.2284396021989
88.1600000000000	94.1943378202603
88.2000000000000	94.1602793400413
88.2400000000000	94.1262641062530
88.2800000000000	94.0922920636806
88.3200000000000	94.0583631571858
88.3600000000000	94.0244773317084
88.4000000000000	93.9906345322678
88.4400000000000	93.9568347039639
88.4800000000000	93.9230777919779
88.5200000000000	93.8893637415730
88.5600000000000	93.8556924980943
88.6000000000000	93.8220640069693
88.6400000000000	93.7884782137083
88.6800000000000	93.7549350639038
88.7200000000000	93.7214345032315
88.7600000000000	93.6879764774491
88.8000000000000	93.6545609323973
88.8400000000000	93.6211878139990
88.8800000000000	93.5878570682597
88.9200000000000	93.5545686412669
88.9600000000000	93.5213224791904
89	93.4881185282819
89.0400000000000	93.4549567348751
89.0800000000000	93.4218370453852
89.1200000000000	93.3887594063090
89.1600000000000	93.3557237642249
89.2000000000000	93.3227300657924
89.2400000000000	93.2897782577521
89.2800000000000	93.2568682869256
89.3200000000000	93.2240001002153
89.3600000000000	93.1911736446041
89.4000000000000	93.1583888671556
89.4400000000000	93.1256457150135
89.4800000000000	93.0929441354019
89.5200000000000	93.0602840756247
89.5600000000000	93.0276654830657
89.6000000000000	92.9950883051886
89.6400000000000	92.9625524895364
89.6800000000000	92.9300579837317
89.7200000000000	92.8976047354760
89.7600000000000	92.8651926925503
89.8000000000000	92.8328218028143
89.8400000000000	92.8004920142065
89.8800000000000	92.7682032747440
89.9200000000000	92.7359555325224
89.9600000000000	92.7037487357157
90	92.6715828325759
90.0400000000000	92.6394577714332
90.0800000000000	92.6073735006955
90.1200000000000	92.5753299688485
90.1600000000000	92.5433271244554
90.2000000000000	92.5113649161569
90.2400000000000	92.4794432926709
90.2800000000000	92.4475622027924
90.3200000000000	92.4157215953935
90.3600000000000	92.3839214194229
90.4000000000000	92.3521616239060
90.4400000000000	92.3204421579450
90.4800000000000	92.2887629707181
90.5200000000000	92.2593962350064
90.5563430381763	92.2891055259421
90.5600000000000	92.2958358124062
90.5782848091184	92.3352835361116
90.6000000000000	92.3896744461152
90.6400000000000	92.4986973006564
90.6800000000000	92.6112488569245
90.7200000000000	92.7248851583464
90.7600000000000	92.8388245614961
90.8000000000000	92.9527941201914
90.8400000000000	93.0666991878440
90.8800000000000	93.1805069996179
90.9200000000000	93.2942062116376
90.9600000000000	93.4077928941513
91	93.5212656854963
91.0400000000000	93.6346241145657
91.0800000000000	93.7478680195537
91.1200000000000	93.8609973463396
91.1600000000000	93.9740120784741
91.2000000000000	94.0868720371212
91.2400000000000	94.1995552856431
91.2800000000000	94.3121030175200
91.3200000000000	94.4245248800658
91.3600000000000	94.5368232195186
91.4000000000000	94.6489986228001
91.4400000000000	94.7610512522889
91.4800000000000	94.8729811679085
91.5200000000000	94.9847884049898
91.5600000000000	95.0964729931269
91.6000000000000	95.2080349607513
91.6400000000000	95.3194743362437
91.6800000000000	95.4307911482034
91.7200000000000	95.5419854255138
91.7600000000000	95.6530571973582
91.8000000000000	95.7640064932223
91.8400000000000	95.8748333428951
91.8800000000000	95.9855377764682
91.9200000000000	96.0961198243350
91.9600000000000	96.2065795171901
92	96.3169168860286
92.0400000000000	96.4271319621454
92.0800000000000	96.5372247771344
92.1200000000000	96.6471953628880
92.1600000000000	96.7570437515958
92.2000000000000	96.8667699757446
92.2400000000000	96.9763740681171
92.2800000000000	97.0858560617916
92.3200000000000	97.1952159901410
92.3600000000000	97.3044538868319
92.4000000000000	97.4135697858245
92.4400000000000	97.5225637213712
92.4800000000000	97.6314357280162
92.5200000000000	97.7240120954072
92.5600000000000	97.7253132462509
92.6000000000000	97.7068688439184
92.6400000000000	97.6808046524722
92.6800000000000	97.6508117006036
92.7200000000000	97.6184922929831
92.7600000000000	97.5846733975702
92.8000000000000	97.5498353112973
92.8400000000000	97.5142849372589
92.8800000000000	97.4782285438717
92.9200000000000	97.4418098193982
92.9600000000000	97.4051315396951
93	97.3682686851944
93.0400000000000	97.3312767798259
93.0800000000000	97.2941974067247
93.1200000000000	97.2570619763114
93.1600000000000	97.2198943691637
93.2000000000000	97.1827128297914
93.2400000000000	97.1455313473324
93.2800000000000	97.1083606762770
93.3200000000000	97.0712090994965
93.3600000000000	97.0340830036792
93.4000000000000	96.9969873163134
93.4400000000000	96.9599258393369
93.4800000000000	96.9229015049658
93.5200000000000	96.8859165724935
93.5600000000000	96.8489727800591
93.6000000000000	96.8120714619109
93.6400000000000	96.7752136391390
93.6800000000000	96.7384000899532
93.7200000000000	96.7016314041585
93.7600000000000	96.6649080254047
93.8000000000000	96.6282302839656
93.8400000000000	96.5915984221753
93.8800000000000	96.5550126141701
93.9200000000000	96.5184729812095
93.9600000000000	96.4819796035675
94	96.4455325297600
94.0400000000000	96.4091317837048
94.0800000000000	96.3727773702761
94.1200000000000	96.3364692796129
94.1600000000000	96.3002074904604
94.2000000000000	96.2639919727602
94.2400000000000	96.2278226896586
94.2800000000000	96.1916995990627
94.3200000000000	96.1556226548460
94.3600000000000	96.1195918077826
94.4000000000000	96.0836070062699
94.4400000000000	96.0476681968891
94.4800000000000	96.0117753248377
94.5200000000000	95.9759283342655
94.5600000000000	95.9401271685336
94.6000000000000	95.9043717704152
94.6400000000000	95.8686620822499
94.6800000000000	95.8329980460643
94.7200000000000	95.7973796036644
94.7600000000000	95.7618066967065
94.8000000000000	95.7262792667529
94.8400000000000	95.6907972553143
94.8800000000000	95.6553606038824
94.9200000000000	95.6199692539555
94.9600000000000	95.5846231470577
95	95.5493222247542
95.0400000000000	95.5140664286621
95.0800000000000	95.4788557004603
95.1200000000000	95.4436899818951
95.1600000000000	95.4085692147862
95.2000000000000	95.3734933410305
95.2400000000000	95.3384623026047
95.2800000000000	95.3034760415679
95.3200000000000	95.2685345000633
95.3600000000000	95.2336376203193
95.4000000000000	95.1987853446507
95.4400000000000	95.1639776154589
95.4800000000000	95.1292143752329
95.5200000000000	95.0944955665493
95.5600000000000	95.0598211320728
95.6000000000000	95.0251910145558
95.6400000000000	94.9906051568392
95.6800000000000	94.9560635018516
95.7200000000000	94.9215659926098
95.7600000000000	94.8871125722187
95.8000000000000	94.8527031838709
95.8400000000000	94.8183377708468
95.8800000000000	94.7840162765143
95.9200000000000	94.7497386443291
95.9600000000000	94.7155048178339
96	94.6813147406589
96.0400000000000	94.6471683565210
96.0800000000000	94.6130656092242
96.1200000000000	94.5790064426592
96.1600000000000	94.5449908008031
96.2000000000000	94.5110186277194
96.2400000000000	94.4770898675580
96.2800000000000	94.4432044645545
96.3200000000000	94.4093623630307
96.3600000000000	94.3755635073938
96.4000000000000	94.3418078421368
96.4400000000000	94.3080953118379
96.4800000000000	94.2744258611604
96.5200000000000	94.2407994348529
96.5600000000000	94.2072159777486
96.6000000000000	94.1736754347656
96.6400000000000	94.1401777509062
96.6800000000000	94.1067228712575
96.7200000000000	94.0733107409903
96.7600000000000	94.0399413053599
96.8000000000000	94.0066145097050
96.8400000000000	93.9733302994484
96.8800000000000	93.9400886200961
96.9200000000000	93.9068894172376
96.9600000000000	93.8737326365457
97	93.8406182237760
97.0400000000000	93.8075461247671
97.0800000000000	93.7745162854404
97.1200000000000	93.7415286517996
97.1600000000000	93.7085831699310
97.2000000000000	93.6756797860030
97.2400000000000	93.6428184462661
97.2800000000000	93.6099990970527
97.3200000000000	93.5772216847769
97.3600000000000	93.5444861559345
97.4000000000000	93.5117924571025
97.4400000000000	93.4791405349393
97.4800000000000	93.4465303361845
97.5200000000000	93.4139618076584
97.5600000000000	93.3814348962622
97.6000000000000	93.3489495489777
97.6400000000000	93.3165057128674
97.6800000000000	93.2841033350737
97.7200000000000	93.2517423628194
97.7600000000000	93.2194227434073
97.8000000000000	93.1871444242200
97.8400000000000	93.1549073527198
97.8800000000000	93.1227114764485
97.9200000000000	93.0905567430273
97.9600000000000	93.0584431001567
98	93.0263704956161
98.0400000000000	92.9943388772640
98.0800000000000	92.9623481930376
98.1200000000000	92.9303983909526
98.1600000000000	92.8984894191033
98.2000000000000	92.8666212256622
98.2400000000000	92.8347937588802
98.2800000000000	92.8030069670858
98.3200000000000	92.7712607986858
98.3600000000000	92.7395552021644
98.4000000000000	92.7078901260834
98.4400000000000	92.6762655190821
98.4800000000000	92.6446813298769
98.5200000000000	92.6131375072616
98.5600000000000	92.5816340001067
98.6000000000000	92.5501707573596
98.6400000000000	92.5187477280443
98.6800000000000	92.4873648612614
98.7200000000000	92.4560221061878
98.7600000000000	92.4247194120768
98.8000000000000	92.3934567282575
98.8400000000000	92.3622340041351
98.8800000000000	92.3310511891906
98.9200000000000	92.2999082329806
98.9600000000000	92.2688050851372
99	92.2377416953678
99.0400000000000	92.2067180134551
99.0800000000000	92.1757339892569
99.1200000000000	92.1447895727057
99.1600000000000	92.1138847138090
99.2000000000000	92.0830193626489
99.2400000000000	92.0521934693818
99.2800000000000	92.0214069842388
99.3200000000000	91.9906598575249
99.3600000000000	91.9599520396193
99.4000000000000	91.9292834809752
99.4400000000000	91.8986541321194
99.4800000000000	91.8680639436525
99.5200000000000	91.8375128662485
99.5600000000000	91.8070008506549
99.6000000000000	91.7765278476923
99.6400000000000	91.7460938082545
99.6800000000000	91.7156986833081
99.7200000000000	91.6853424238928
99.7600000000000	91.6550249811206
99.8000000000000	91.6247463061763
99.8400000000000	91.5945063503171
99.8800000000000	91.5643050648723
99.9200000000000	91.5341424012435
99.9600000000000	91.5040183109042
100	91.4739327453997