0	0
3.15544362088405e-30	1.70073310424217e-29
2.66202079000041e-06	1.37190625467670e-05
1.59721247400025e-05	8.23092238015739e-05
8.25226444900128e-05	0.000425131282438472
0.000415275243240065	0.00213602779586512
0.00207903823699032	0.0106107759442135
0.0103978532057416	0.0510650967267860
0.0400000000000000	0.172494909820459
0.0800000000000000	0.294129677369708
0.120000000000000	0.382827440492141
0.134622877273679	0.409490778077384
0.149245754547358	0.433823348800303
0.160000000000000	0.451070571479252
0.200000000000000	0.514850638780497
0.240000000000000	0.578075993668671
0.280000000000000	0.640981981141045
0.320000000000000	0.703633840217739
0.360000000000000	0.766193104208823
0.400000000000000	0.830516263291621
0.440000000000000	0.898986493338642
0.480000000000000	0.973550313424878
0.520000000000000	1.05577042425551
0.560000000000000	1.14684694552913
0.600000000000000	1.24763144359199
0.640000000000000	1.35864789276548
0.680000000000000	1.48012587954081
0.720000000000000	1.61204114936721
0.760000000000000	1.75390124892771
0.800000000000000	1.90513455745960
0.840000000000000	2.06521106470958
0.880000000000000	2.23354197790666
0.920000000000000	2.40951339374303
0.960000000000000	2.59251098064805
1	2.78193673323949
1.04000000000000	2.97721478411166
1.08000000000000	3.17726118378764
1.12000000000000	3.38139339184724
1.16000000000000	3.58923012867665
1.20000000000000	3.80039039516017
1.24000000000000	4.01450334247398
1.28000000000000	4.23121400678320
1.32000000000000	4.45003614817661
1.36000000000000	4.66992961449576
1.40000000000000	4.89059862501788
1.44000000000000	5.11264271136599
1.48000000000000	5.33687546443915
1.52000000000000	5.56379036529550
1.56000000000000	5.79364744424083
1.60000000000000	6.02653950906598
1.64000000000000	6.26195821607205
1.68000000000000	6.49974060095813
1.72000000000000	6.73991607251972
1.76000000000000	6.98243553102687
1.80000000000000	7.22745420033901
1.84000000000000	7.47536389338902
1.88000000000000	7.72640714541990
1.92000000000000	7.98070615161154
1.96000000000000	8.23830319463783
2	8.49875689748919
2.04000000000000	8.76183445074435
2.08000000000000	9.02770925623317
2.12000000000000	9.29645867974691
2.16000000000000	9.56810162554073
2.20000000000000	9.84270631550410
2.24000000000000	10.1204725472141
2.28000000000000	10.4014709208661
2.32000000000000	10.6856496300220
2.36000000000000	10.9728827442482
2.40000000000000	11.2630010643004
2.44000000000000	11.5556444611612
2.48000000000000	11.8501785738819
2.52000000000000	12.1429974252880
2.56000000000000	12.4249062883672
2.60000000000000	12.7016447876876
2.64000000000000	12.9765752935522
2.68000000000000	13.2513717249523
2.72000000000000	13.5267881214365
2.76000000000000	13.8032682147586
2.80000000000000	14.0808412348193
2.84000000000000	14.3595937463441
2.88000000000000	14.6397621148045
2.92000000000000	14.9214901518752
2.96000000000000	15.2048670422248
3	15.4899496769545
3.04000000000000	15.7767758287259
3.08000000000000	16.0653719311378
3.12000000000000	16.3557576737656
3.16000000000000	16.6479487164083
3.20000000000000	16.9419582921295
3.24000000000000	17.2377981537795
3.28000000000000	17.5354791589230
3.32000000000000	17.8349963481676
3.36000000000000	18.1363074531631
3.40000000000000	18.4393687592007
3.44000000000000	18.7441407087780
3.48000000000000	19.0505818250081
3.52000000000000	19.3582816907624
3.56000000000000	19.6669969419011
3.60000000000000	19.9766069027457
3.64000000000000	20.2870642286640
3.68000000000000	20.5983614496527
3.72000000000000	20.9105127593605
3.76000000000000	21.2235440595233
3.80000000000000	21.5374875191877
3.84000000000000	21.8523786029438
3.88000000000000	22.1682544499349
3.92000000000000	22.4851529922760
3.96000000000000	22.8031124784232
4	23.1221712183714
4.04000000000000	23.4423674503313
4.08000000000000	23.7637392738447
4.12000000000000	24.0863246191273
4.16000000000000	24.4101612360472
4.20000000000000	24.7352866936196
4.24000000000000	25.0617383850145
4.28000000000000	25.3895535353254
4.32000000000000	25.7187464328379
4.36000000000000	26.0490100749520
4.40000000000000	26.3801099151837
4.44000000000000	26.7112033401142
4.48000000000000	27.0416494668666
4.52000000000000	27.3711427144181
4.56000000000000	27.6995485075025
4.60000000000000	28.0268193567525
4.64000000000000	28.3529518995116
4.68000000000000	28.6779649301005
4.72000000000000	29.0018881651892
4.76000000000000	29.3247564996464
4.80000000000000	29.6466070730152
4.84000000000000	29.9671484777033
4.88000000000000	30.2851212389552
4.92000000000000	30.5996613962515
4.96000000000000	30.9103502753476
5	31.2170001309434
5.04000000000000	31.5195423975073
5.08000000000000	31.8179697375196
5.12000000000000	32.1120339408620
5.16000000000000	32.4016798342017
5.20000000000000	32.6862866421675
5.24000000000000	32.9662577366407
5.28000000000000	33.2421852827767
5.32000000000000	33.5142636024789
5.36000000000000	33.7826097123674
5.40000000000000	34.0474827058772
5.44000000000000	34.3087071438348
5.48000000000000	34.5663040927275
5.52000000000000	34.8206486321912
5.56000000000000	35.0721082085832
5.60000000000000	35.3203575105197
5.64000000000000	35.5650176426920
5.68000000000000	35.8064043597448
5.72000000000000	36.0449689393600
5.76000000000000	36.2808989703230
5.80000000000000	36.5142064108081
5.84000000000000	36.7448652146561
5.88000000000000	36.9718397620400
5.92000000000000	37.1955237710942
5.96000000000000	37.4162477250516
6	37.6340331797404
6.04000000000000	37.8487914033195
6.08000000000000	38.0607891900293
6.12000000000000	38.2701207881474
6.16000000000000	38.4768119454124
6.20000000000000	38.7907932330312
6.24000000000000	39.0411003699842
6.28000000000000	39.2590025439815
6.32000000000000	39.4595189911063
6.36000000000000	39.6499492333229
6.40000000000000	39.8338500268355
6.44000000000000	40.0130467136684
6.48000000000000	40.1885110518158
6.52000000000000	40.3607722392889
6.56000000000000	40.5301262723662
6.60000000000000	40.6967450410382
6.64000000000000	40.8607339496062
6.68000000000000	41.0221625977229
6.72000000000000	41.1810812009397
6.76000000000000	41.3375294096718
6.80000000000000	41.4914730525351
6.84000000000000	41.6428631997163
6.88000000000000	41.7917985026689
6.92000000000000	41.9380015755632
6.96000000000000	42.0815636494540
7	42.2225948976622
7.04000000000000	42.3612023909478
7.08000000000000	42.4974120104282
7.12000000000000	42.6312348514123
7.16000000000000	42.7627166682263
7.20000000000000	42.8919436863892
7.24000000000000	43.0189329240920
7.28000000000000	43.1435518696506
7.32000000000000	43.2659091036483
7.36000000000000	43.3860955907016
7.40000000000000	43.5043298326861
7.44000000000000	43.6207208643565
7.48000000000000	43.7352755902017
7.52000000000000	43.8479495401323
7.56000000000000	43.9587933736833
7.60000000000000	44.0680066199391
7.64000000000000	44.1756699578780
7.68000000000000	44.2818246046828
7.72000000000000	44.3864894205374
7.76000000000000	44.4896571030914
7.80000000000000	44.5913281836897
7.84000000000000	44.6913751515508
7.88000000000000	44.7895163534855
7.92000000000000	44.8859519996452
7.96000000000000	44.9807685613633
8	45.0739991249303
8.04000000000000	45.1656194304185
8.08000000000000	45.2555934864030
8.12000000000000	45.3440202221218
8.16000000000000	45.4309368951692
8.20000000000000	45.5163589520435
8.24000000000000	45.6002953974622
8.28000000000000	45.6826703078350
8.32000000000000	45.7634786055382
8.36000000000000	45.8427748810528
8.40000000000000	45.9205324743591
8.44000000000000	45.9966966942041
8.48000000000000	46.0712535061414
8.52000000000000	46.1442036426653
8.56000000000000	46.2155523056862
8.60000000000000	46.2853060786023
8.64000000000000	46.3534719831771
8.68000000000000	46.4200571874191
8.72000000000000	46.4848055961949
8.76000000000000	46.5476872863252
8.80000000000000	46.6088774059836
8.84000000000000	46.6684251502512
8.88000000000000	46.7263490315306
8.92000000000000	46.7826598402411
8.96000000000000	46.8373663932183
9	46.8904770200045
9.04000000000000	46.9419999624788
9.08000000000000	46.9919434896515
9.12000000000000	47.0403159359206
9.16000000000000	47.0871257184526
9.20000000000000	47.1323813489908
9.24000000000000	47.1760914444369
9.28000000000000	47.2182647374921
9.32000000000000	47.2589100877668
9.36000000000000	47.2980364935174
9.40000000000000	47.3356531040854
9.44000000000000	47.3717692330998
9.48000000000000	47.4063943724906
9.52000000000000	47.4395382073652
9.56000000000000	47.4712106317976
9.60000000000000	47.5014217655814
9.64000000000000	47.5301819719985
9.68000000000000	47.5575018766538
9.72000000000000	47.5833923874250
9.76000000000000	47.6078647155771
9.80000000000000	47.6309624294518
9.84000000000000	47.6528473735261
9.88000000000000	47.6736394378436
9.92000000000000	47.6934004010998
9.96000000000000	47.7121638792602
10	47.7299495042748
10.0400000000000	47.7467698522220
10.0800000000000	47.7626339025306
10.1200000000000	47.7775487830562
10.1600000000000	47.7915206314291
10.2000000000000	47.8045552116537
10.2400000000000	47.8166581244319
10.2800000000000	47.8278349393524
10.3200000000000	47.8380912819911
10.3600000000000	47.8474328891170
10.4000000000000	47.8558656470595
10.4400000000000	47.8633956213103
10.4800000000000	47.8700290817546
10.5200000000000	47.8757725259575
10.5600000000000	47.8806327018684
10.6000000000000	47.8846166307228
10.6400000000000	47.8877316305918
10.6800000000000	47.8899853408426
10.7200000000000	47.8913857476575
10.7600000000000	47.8919412106888
10.8000000000000	47.8916604908692
10.8400000000000	47.8905527793586
10.8800000000000	47.8886277275633
10.9200000000000	47.8858954781246
10.9600000000000	47.8823666967280
11	47.8780526045323
11.0400000000000	47.8729648086022
11.0800000000000	47.8671127843731
11.1200000000000	47.8605058430815
11.1600000000000	47.8531553018464
11.2000000000000	47.8450742000232
11.2400000000000	47.8362770570456
11.2800000000000	47.8267797068045
11.3200000000000	47.8165991829463
11.3600000000000	47.8057536372291
11.4000000000000	47.7942622782948
11.4400000000000	47.7821453217400
11.4800000000000	47.7694239447747
11.5200000000000	47.7561202404362
11.5600000000000	47.7422571675165
11.6000000000000	47.7278584932613
11.6400000000000	47.7129487266075
11.6800000000000	47.6975530403355
11.7200000000000	47.6816971810686
11.7600000000000	47.6654073665942
11.8000000000000	47.6487101705182
11.8400000000000	47.6316323948103
11.8800000000000	47.6142021382826
11.9200000000000	47.5964504940486
11.9600000000000	47.5784070072206
12	47.5600990117147
12.0400000000000	47.5415520026693
12.0800000000000	47.5227898951156
12.1200000000000	47.5038351988918
12.1600000000000	47.4847091317607
12.2000000000000	47.4654316871670
12.2400000000000	47.4460216692126
12.2800000000000	47.4264967493701
12.3200000000000	47.4068744216937
12.3600000000000	47.3871712690223
12.4000000000000	47.3674012932794
12.4400000000000	47.3475764839480
12.4800000000000	47.3277073216926
12.5200000000000	47.3078031102955
12.5600000000000	47.2878721836961
12.6000000000000	47.2679220194566
12.6318149313564	47.2520507507983
12.6400000000000	47.2480269502852
12.6800000000000	47.2289219709468
12.7200000000000	47.2120073739929
12.7600000000000	47.2008930067505
12.8000000000000	47.2029974669909
12.8400000000000	47.2275916780735
12.8800000000000	47.2749182698492
12.9200000000000	47.3349944261623
12.9600000000000	47.4001018247347
13	47.4672125422776
13.0400000000000	47.5354947895239
13.0800000000000	47.6047290228325
13.1200000000000	47.6747579818685
13.1600000000000	47.7455794986586
13.2000000000000	47.8172273110867
13.2400000000000	47.8897119825370
13.2800000000000	47.9630130042366
13.3200000000000	48.0370861026916
13.3600000000000	48.1119124066463
13.4000000000000	48.1874844831966
13.4400000000000	48.2637989335486
13.4800000000000	48.3408537668194
13.5200000000000	48.4186474761672
13.5600000000000	48.4971786005127
13.6000000000000	48.5764579733392
13.6400000000000	48.6565112592592
13.6800000000000	48.7373472138409
13.7200000000000	48.8189662634815
13.7600000000000	48.9013659595893
13.8000000000000	48.9845428638054
13.8400000000000	49.0684931944585
13.8800000000000	49.1532130464462
13.9200000000000	49.2386984654367
13.9600000000000	49.3249454727322
14	49.4119500735649
14.0400000000000	49.4997082598793
14.0800000000000	49.5882160112971
14.1200000000000	49.6774692954932
14.1600000000000	49.7674640683839
14.2000000000000	49.8581962742620
14.2400000000000	49.9496618459175
14.2800000000000	50.0418567047602
14.3200000000000	50.1347767609469
14.3600000000000	50.2284179135143
14.4000000000000	50.3227760505179
14.4400000000000	50.4178470491772
14.4800000000000	50.5136267760257
14.5200000000000	50.6101110870672
14.5600000000000	50.7072958279359
14.6000000000000	50.8051768340629
14.6400000000000	50.9037499308459
14.6800000000000	51.0030109338240
14.7200000000000	51.1029556488568
14.7600000000000	51.2035798723068
14.8000000000000	51.3048793912260
14.8400000000000	51.4068499835463
14.8800000000000	51.5094874182725
14.9200000000000	51.6127874556794
14.9600000000000	51.7167458475115
15	51.8213583371855
15.0400000000000	51.9266206599958
15.0800000000000	52.0325285433226
15.1200000000000	52.1390777068420
15.1600000000000	52.2462638627391
15.2000000000000	52.3540827159229
15.2400000000000	52.4625299642432
15.2800000000000	52.5716012987094
15.3200000000000	52.6812924037118
15.3600000000000	52.7916020266375
15.4000000000000	52.9025488009484
15.4400000000000	53.0141449624199
15.4800000000000	53.1263936285449
15.5200000000000	53.2392956972019
15.5600000000000	53.3528514938484
15.6000000000000	53.4670612001148
15.6400000000000	53.5819249649424
15.6800000000000	53.6974429333238
15.7200000000000	53.8136152537329
15.7600000000000	53.9304420800627
15.8000000000000	54.0479235721528
15.8400000000000	54.1660598959536
15.8800000000000	54.2848512235983
15.9200000000000	54.4042977334494
15.9600000000000	54.5243996101387
16	54.6451570446039
16.0400000000000	54.7665702341239
16.0800000000000	54.8886393823527
16.1200000000000	55.0113646993524
16.1600000000000	55.1347464016245
16.2000000000000	55.2587847121407
16.2400000000000	55.3834798603720
16.2800000000000	55.5088320823171
16.3200000000000	55.6348416205298
16.3600000000000	55.7615087241451
16.4000000000000	55.8888462289397
16.4400000000000	56.0169084421869
16.4800000000000	56.1457219743342
16.5200000000000	56.2752920960901
16.5600000000000	56.4056191856501
16.6000000000000	56.5367024068846
16.6400000000000	56.6685406227421
16.6800000000000	56.8011326211630
16.7200000000000	56.9344771707427
16.7600000000000	57.0685730344018
16.7846654530627	57.1516353577468
16.7964115655718	57.1912912301119
16.8000000000000	57.2034189695038
16.8037273836030	57.2146393313700
16.8223643016183	57.2465377943872
16.8400000000000	57.2589569998869
16.8800000000000	57.2645245344899
16.9200000000000	57.3363781181163
16.9600000000000	57.3435148583245
17	57.3302636177808
17.0400000000000	57.3114670255262
17.0800000000000	57.2902104202004
17.1200000000000	57.2676417603925
17.1600000000000	57.2443023526303
17.2000000000000	57.2204831022904
17.2400000000000	57.1963538031264
17.2800000000000	57.1720204684357
17.3200000000000	57.1475519471032
17.3600000000000	57.1229933358585
17.4000000000000	57.0983748527979
17.4400000000000	57.0737171667230
17.4800000000000	57.0490346724784
17.5200000000000	57.0243375644800
17.5600000000000	56.9996331815482
17.6000000000000	56.9749268970392
17.6400000000000	56.9502227185268
17.6800000000000	56.9255236983462
17.7200000000000	56.9008322189916
17.7600000000000	56.8761501945846
17.8000000000000	56.8514792154075
17.8400000000000	56.8268206534121
17.8800000000000	56.8021757407205
17.9200000000000	56.7775456292320
17.9600000000000	56.7529314368395
18	56.7283342839792
18.0400000000000	56.7037553230136
18.0800000000000	56.6791957620971
18.1200000000000	56.6546568845752
18.1600000000000	56.6301400645554
18.2000000000000	56.6056467790010
18.2400000000000	56.5811786165098
18.2800000000000	56.5567372828294
18.3200000000000	56.5323246031023
18.3600000000000	56.5079425208313
18.4000000000000	56.4835930935811
18.4400000000000	56.4592784854946
18.4800000000000	56.4350009567767
18.5200000000000	56.4107628503899
18.5600000000000	56.3865665762978
18.6000000000000	56.3624145936795
18.6400000000000	56.3383093916152
18.6800000000000	56.3142534687986
18.7200000000000	56.2902493128676
18.7600000000000	56.2662993799531
18.8000000000000	56.2424060750252
18.8400000000000	56.2185717335756
18.8800000000000	56.1947986051009
18.9200000000000	56.1710888387709
18.9600000000000	56.1474444715618
19	56.1238674190272
19.0400000000000	56.1003594683203
19.0800000000000	56.0769239310909
19.1200000000000	56.0535678652566
19.1600000000000	56.0302992205491
19.2000000000000	56.0071265481233
19.2400000000000	55.9840590316067
19.2800000000000	55.9611065093149
19.3200000000000	55.9382794856255
19.3600000000000	55.9155891292692
19.4000000000000	55.8930472561578
19.4400000000000	55.8706662943582
19.4800000000000	55.8484592289959
19.5200000000000	55.8264395252648
19.5600000000000	55.8046210283828
19.6000000000000	55.7830178402872
19.6400000000000	55.7616441741025
19.6800000000000	55.7405141889156
19.7200000000000	55.7196418090467
19.7600000000000	55.6990405337044
19.8000000000000	55.6787232444487
19.8400000000000	55.6587020190664
19.8800000000000	55.6389879610685
19.9200000000000	55.6195910538795
19.9600000000000	55.6005200478038
20	55.5817823860483
20.0400000000000	55.5633841735812
20.0800000000000	55.5453301896757
20.1200000000000	55.5276239419539
20.1600000000000	55.5102677569624
20.2000000000000	55.4932629000966
20.2400000000000	55.4766097162637
20.2800000000000	55.4603087063904
20.3200000000000	55.4443660144225
20.3600000000000	55.4287892525610
20.4000000000000	55.4135845612890
20.4400000000000	55.3987566893287
20.4800000000000	55.3843091039568
20.5200000000000	55.3702441251539
20.5600000000000	55.3565630755283
20.6000000000000	55.3432664376286
20.6400000000000	55.3303540107293
20.6800000000000	55.3178250602681
20.7200000000000	55.3056784546196
20.7600000000000	55.2939127855777
20.8000000000000	55.2825264705749
20.8400000000000	55.2715178361446
20.8800000000000	55.2608851833227
20.9200000000000	55.2506268365451
20.9600000000000	55.2407411781422
21	55.2312266707826
21.0400000000000	55.2220818702466
21.0800000000000	55.2133054307647
21.1200000000000	55.2048961049108
21.1600000000000	55.1968527397329
21.2000000000000	55.1891742704867
21.2400000000000	55.1818597130305
21.2800000000000	55.1749081556652
21.3200000000000	55.1683187509737
21.3600000000000	55.1620907080224
21.4000000000000	55.1562232851440
21.4400000000000	55.1507157834112
21.4800000000000	55.1455675408362
21.5200000000000	55.1407779272807
21.5600000000000	55.1363463400282
21.6000000000000	55.1322721999570
21.6400000000000	55.1285549482438
21.6800000000000	55.1251940435294
21.7200000000000	55.1221889594814
21.7600000000000	55.1195391826957
21.8000000000000	55.1172442108843
21.8400000000000	55.1153035513077
21.8800000000000	55.1137167194112
21.9200000000000	55.1124832376367
21.9600000000000	55.1116026343813
22	55.1110744430817
22.0400000000000	55.1108982014071
22.0800000000000	55.1110734505436
22.1200000000000	55.1115997345588
22.1600000000000	55.1124765998357
22.2000000000000	55.1137035945665
22.2400000000000	55.1152802682993
22.2800000000000	55.1172061715308
22.3200000000000	55.1194808553408
22.3600000000000	55.1221038710608
22.4000000000000	55.1250747699770
22.4400000000000	55.1283931030596
22.4800000000000	55.1320584207191
22.5200000000000	55.1360702725843
22.5600000000000	55.1404282073015
22.6000000000000	55.1451317723513
22.6400000000000	55.1500999692980
22.6800000000000	55.1550293291582
22.7200000000000	55.1597331130962
22.7600000000000	55.1641308919785
22.8000000000000	55.1681883971281
22.8400000000000	55.1718911886102
22.8800000000000	55.1752333616985
22.9200000000000	55.1782127141838
22.9600000000000	55.1808286673829
23	55.1830813641938
23.0400000000000	55.1849712740372
23.0800000000000	55.1864990181559
23.1200000000000	55.1876652916996
23.1600000000000	55.1884708287798
23.2000000000000	55.1889163868157
23.2400000000000	55.1890027396411
23.2800000000000	55.1887306746438
23.3200000000000	55.1881009917903
23.3600000000000	55.1871145035507
23.4000000000000	55.1857720352701
23.4400000000000	55.1840744257740
23.4800000000000	55.1820225281075
23.5200000000000	55.1796172103638
23.5600000000000	55.1768593565793
23.6000000000000	55.1737498676881
23.6400000000000	55.1702896625311
23.6800000000000	55.1664796789208
23.7200000000000	55.1623208747635
23.7600000000000	55.1578142292405
23.8000000000000	55.1529607440510
23.8400000000000	55.1477614447207
23.8800000000000	55.1422173819794
23.9200000000000	55.1363296332098
23.9600000000000	55.1300993039737
24	55.1235275296171
24.0400000000000	55.1166154769600
24.0800000000000	55.1093643460744
24.1200000000000	55.1017753721554
24.1600000000000	55.0938498274887
24.2000000000000	55.0855890235210
24.2400000000000	55.0769943130366
24.2800000000000	55.0680670924453
24.3200000000000	55.0588088041864
24.3600000000000	55.0492209392542
24.4000000000000	55.0393050398483
24.4400000000000	55.0290627021555
24.4800000000000	55.0184955792655
24.5200000000000	55.0076053842256
24.5600000000000	54.9963938932390
24.6000000000000	54.9848629490092
24.6400000000000	54.9730144642328
24.6800000000000	54.9608504252446
24.7200000000000	54.9483728958149
24.7600000000000	54.9355840210997
24.8000000000000	54.9224860317433
24.8400000000000	54.9090812481298
24.8800000000000	54.8953720847805
24.9200000000000	54.8813610548909
24.9600000000000	54.8670507749983
25	54.8524439697698
25.0400000000000	54.8375434768967
25.0800000000000	54.8223522520774
25.1200000000000	54.8068740774106
25.1600000000000	54.7911175943972
25.2000000000000	54.7750919597511
25.2400000000000	54.7588047891032
25.2800000000000	54.7422625199991
25.3200000000000	54.7254706147827
25.3600000000000	54.7084339850303
25.4000000000000	54.6911571758025
25.4400000000000	54.6736444979174
25.4800000000000	54.6559001237448
25.5200000000000	54.6379281571594
25.5600000000000	54.6197326850145
25.6000000000000	54.6013178152701
25.6400000000000	54.5826877053758
25.6800000000000	54.5638465834464
25.7200000000000	54.5447987640249
25.7600000000000	54.5255486597050
25.8000000000000	54.5061007895146
25.8400000000000	54.4864597846971
25.8800000000000	54.4666303923408
25.9200000000000	54.4466174771685
25.9600000000000	54.4264260217064
26	54.4060611249795
26.0400000000000	54.3855279998357
26.0800000000000	54.3648319689640
26.1200000000000	54.3439784596555
26.1600000000000	54.3229729973408
26.2000000000000	54.3018211979314
26.2400000000000	54.2805287589957
26.2800000000000	54.2591014498028
26.3200000000000	54.2375451002749
26.3600000000000	54.2158655889018
26.4000000000000	54.1940688296810
26.4400000000000	54.1721607581649
26.4800000000000	54.1501473167066
26.5200000000000	54.1280344390159
26.5600000000000	54.1058280341477
26.6000000000000	54.0835340495834
26.6400000000000	54.0611604290781
26.6800000000000	54.0387167981127
26.7200000000000	54.0162112065949
26.7600000000000	53.9936503151320
26.8000000000000	53.9710397378040
26.8400000000000	53.9483842933456
26.8800000000000	53.9256881915740
26.9200000000000	53.9029551731990
26.9600000000000	53.8801886155064
27	53.8573916126784
27.0400000000000	53.8345670369893
27.0800000000000	53.8117175853853
27.1200000000000	53.7888458147462
27.1600000000000	53.7659541682721
27.2000000000000	53.7430449948242
27.2400000000000	53.7201205626061
27.2800000000000	53.6971830682460
27.3200000000000	53.6742346421059
27.3600000000000	53.6512773504659
27.4000000000000	53.6283131951107
27.4400000000000	53.6053441107465
27.4800000000000	53.5823719606208
27.5200000000000	53.5593985306698
27.5600000000000	53.5364255224973
27.6000000000000	53.5134545454806
27.6400000000000	53.4904875785111
27.6800000000000	53.4675309789115
27.7200000000000	53.4445860222177
27.7600000000000	53.4216528933292
27.8000000000000	53.3987315813478
27.8400000000000	53.3758220753890
27.8800000000000	53.3529243645811
27.9200000000000	53.3300384380657
27.9600000000000	53.3071642849978
28	53.2843018945453
28.0400000000000	53.2614512558894
28.0800000000000	53.2386123582241
28.1200000000000	53.2157851907569
28.1600000000000	53.1929697427081
28.2000000000000	53.1701660033111
28.2400000000000	53.1473739618125
28.2800000000000	53.1245936074717
28.3200000000000	53.1018249295612
28.3600000000000	53.0790679173663
28.4000000000000	53.0563225601856
28.4400000000000	53.0335888473304
28.4800000000000	53.0108668373860
28.5200000000000	52.9881573543942
28.5600000000000	52.9654616514428
28.6000000000000	52.9427811006163
28.6400000000000	52.9201172994101
28.6800000000000	52.8974721760531
28.7200000000000	52.8748480978667
28.7600000000000	52.8522479838020
28.8000000000000	52.8296754197025
28.8400000000000	52.8071347724826
28.8800000000000	52.7846312972832
28.9200000000000	52.7621712298814
28.9600000000000	52.7397618553443
29	52.7174115433575
29.0400000000000	52.6951297410330
29.0800000000000	52.6729269154914
29.1200000000000	52.6508144411998
29.1600000000000	52.6288044308916
29.2000000000000	52.6069095136390
29.2400000000000	52.5851425688717
29.2800000000000	52.5635164301900
29.3200000000000	52.5420435769722
29.3600000000000	52.5207376970788
29.4000000000000	52.4996244784775
29.4400000000000	52.4787382871939
29.4800000000000	52.4581187767473
29.5200000000000	52.4378112406333
29.5600000000000	52.4178667341244
29.6000000000000	52.3983418363497
29.6400000000000	52.3792979117987
29.6800000000000	52.3607997399234
29.7200000000000	52.3429134325819
29.7600000000000	52.3257036652056
29.8000000000000	52.3092304074307
29.8400000000000	52.2935455235026
29.8800000000000	52.2786897611768
29.9200000000000	52.2646906837447
29.9600000000000	52.2515619704663
30	52.2393042293562
30.0400000000000	52.2279071232973
30.0800000000000	52.2173523335198
30.1200000000000	52.2076209638780
30.1600000000000	52.1987085076151
30.2000000000000	52.1906105615489
30.2400000000000	52.1833188829822
30.2800000000000	52.1768229602019
30.3200000000000	52.1711113298701
30.3600000000000	52.1661725655060
30.4000000000000	52.1619959311529
30.4400000000000	52.1585717433916
30.4800000000000	52.1558915092376
30.5200000000000	52.1539479115412
30.5600000000000	52.1527347046586
30.6000000000000	52.1522465684083
30.6400000000000	52.1524789528344
30.6800000000000	52.1534279330032
30.7200000000000	52.1550900831352
30.7600000000000	52.1574623728069
30.8000000000000	52.1605420841606
30.8400000000000	52.1643267472549
30.8800000000000	52.1688140901505
30.9200000000000	52.1740020004947
30.9600000000000	52.1798884958480
31	52.1864717005637
31.0400000000000	52.1937498275531
31.0800000000000	52.2017211637043
31.1200000000000	52.2103840580568
31.1600000000000	52.2197369120835
31.2000000000000	52.2297781716057
31.2400000000000	52.2405063199980
31.2800000000000	52.2518587411562
31.3200000000000	52.2637651231324
31.3600000000000	52.2762781006291
31.4000000000000	52.2894244079228
31.4400000000000	52.3032162501551
31.4800000000000	52.3176586786356
31.5200000000000	52.3327532765898
31.5600000000000	52.3484999762914
31.6000000000000	52.3649033667425
31.6400000000000	52.3820450017624
31.6800000000000	52.4000206444437
31.7200000000000	52.4188731458609
31.7600000000000	52.4385995357346
31.8000000000000	52.4591637831404
31.8400000000000	52.4805938784872
31.8800000000000	52.5029021969942
31.9200000000000	52.5260925848175
31.9600000000000	52.5501607564725
32	52.5750628555107
32.0400000000000	52.6008229043557
32.0800000000000	52.6274632703348
32.1200000000000	52.6549926247205
32.1600000000000	52.6834133914432
32.2000000000000	52.7126496909637
32.2400000000000	52.7426158119805
32.2800000000000	52.7733633553776
32.3200000000000	52.8049193999082
32.3600000000000	52.8372964740871
32.4000000000000	52.8705035163543
32.4400000000000	52.9045415176683
32.4800000000000	52.9394034900008
32.5200000000000	52.9750845278567
32.5600000000000	53.0115808051704
32.6000000000000	53.0488781466638
32.6400000000000	53.0869588932455
32.6800000000000	53.1258721210636
32.7200000000000	53.1656494419804
32.7600000000000	53.2063066560152
32.8000000000000	53.2478623166156
32.8400000000000	53.2903806670399
32.8800000000000	53.3338690034853
32.9200000000000	53.3783226313313
32.9600000000000	53.4237374780956
33	53.4701089308974
33.0400000000000	53.5173842695676
33.0800000000000	53.5655426770015
33.1200000000000	53.6146028344234
33.1600000000000	53.6645731420494
33.2000000000000	53.7154563739352
33.2400000000000	53.7672519244515
33.2800000000000	53.8199610609737
33.3200000000000	53.8735960947223
33.3600000000000	53.9281643287423
33.4000000000000	53.9836708708396
33.4400000000000	54.0400799875784
33.4800000000000	54.0973546143984
33.5200000000000	54.1554880715190
33.5600000000000	54.2144713334070
33.6000000000000	54.2742943188985
33.6400000000000	54.3349513988259
33.6800000000000	54.3964393135259
33.7200000000000	54.4587560516247
33.7600000000000	54.5219002486543
33.8000000000000	54.5858704423672
33.8400000000000	54.6506083419793
33.8800000000000	54.7161075205564
33.9200000000000	54.7823860134426
33.9600000000000	54.8494537557625
34	54.9173160679083
34.0400000000000	54.9859756401614
34.0800000000000	55.0554336609858
34.1200000000000	55.1256904573444
34.1600000000000	55.1967341165866
34.2000000000000	55.2685506520252
34.2400000000000	55.3411505805071
34.2800000000000	55.4145400153464
34.3200000000000	55.4887221171779
34.3600000000000	55.5636983197121
34.4000000000000	55.6394690434976
34.4400000000000	55.7160341109220
34.4800000000000	55.7933929871491
34.5200000000000	55.8715449198160
34.5600000000000	55.9504890199516
34.6000000000000	56.0302243088301
34.6400000000000	56.1107497451194
34.6800000000000	56.1920642406486
34.7200000000000	56.2741666696179
34.7600000000000	56.3570558740323
34.8000000000000	56.4407306669670
34.8400000000000	56.5249723920442
34.8800000000000	56.6089012010877
34.9200000000000	56.6918673790853
34.9600000000000	56.7735155455226
35	56.8536544765504
35.0400000000000	56.9321838146143
35.0800000000000	57.0090529910782
35.1200000000000	57.0841821853108
35.1600000000000	57.1575501599326
35.2000000000000	57.2291935734043
35.2400000000000	57.2989432188273
35.2800000000000	57.3668344473876
35.3200000000000	57.4329482911019
35.3600000000000	57.4973669668145
35.4000000000000	57.5601240781302
35.4400000000000	57.6212308006014
35.4800000000000	57.6807014751007
35.5200000000000	57.7385800891515
35.5600000000000	57.7949038732423
35.6000000000000	57.8496181182413
35.6400000000000	57.9027103894728
35.6800000000000	57.9542475917680
35.7200000000000	58.0042985868441
35.7600000000000	58.0529595190733
35.8000000000000	58.1001748511454
35.8400000000000	58.1458902416035
35.8800000000000	58.1900770745757
35.9200000000000	58.2328525418701
35.9600000000000	58.2742788978042
36	58.3143930051213
36.0400000000000	58.3531992832500
36.0800000000000	58.3906975917814
36.1200000000000	58.4266782119590
36.1600000000000	58.4611021230487
36.2000000000000	58.4940869735610
36.2400000000000	58.5256693781647
36.2800000000000	58.5558032124026
36.3200000000000	58.5845538707052
36.3600000000000	58.6119639340120
36.4000000000000	58.6380428394404
36.4400000000000	58.6627184987694
36.4800000000000	58.6860254328950
36.5200000000000	58.7079937669168
36.5600000000000	58.7286359015120
36.6000000000000	58.7479584119225
36.6400000000000	58.7659659472046
36.6800000000000	58.7826625522781
36.7200000000000	58.7979482794190
36.7600000000000	58.8116355140224
36.8000000000000	58.8238848644227
36.8400000000000	58.8347558538556
36.8800000000000	58.8443105432271
36.9200000000000	58.8527252730721
36.9600000000000	58.8601006054029
37	58.8664739179630
37.0400000000000	58.8718611103830
37.0800000000000	58.8762705049451
37.1200000000000	58.8797077391076
37.1600000000000	58.8821775492605
37.2000000000000	58.8836844480036
37.2400000000000	58.8842329971596
37.2800000000000	58.8838279299788
37.3200000000000	58.8824742165719
37.3600000000000	58.8801771084502
37.4000000000000	58.8769421763017
37.4400000000000	58.8727753467919
37.4800000000000	58.8676829409085
37.5200000000000	58.8616717150505
37.5600000000000	58.8547489055138
37.6000000000000	58.8469222767864
37.6400000000000	58.8382001739354
37.6800000000000	58.8285915792853
37.7200000000000	58.8181061734992
37.7600000000000	58.8067544010750
37.8000000000000	58.7945475401357
37.8400000000000	58.7814977762301
37.8800000000000	58.7676182796400
37.9200000000000	58.7529232854268
37.9600000000000	58.7374281751230
38	58.7211495585821
38.0400000000000	58.7041053540507
38.0800000000000	58.6863148640181
38.1200000000000	58.6677988438449
38.1600000000000	58.6485795596093
38.2000000000000	58.6286808310578
38.2400000000000	58.6081280550720
38.2800000000000	58.5869482047222
38.3200000000000	58.5651697581794
38.3600000000000	58.5428259512190
38.4000000000000	58.5199567610264
38.4400000000000	58.4965996586681
38.4800000000000	58.4727898461186
38.5200000000000	58.4485610777370
38.5600000000000	58.4239461451558
38.6000000000000	58.3989771316955
38.6400000000000	58.3736855054322
38.6800000000000	58.3481020981366
38.7200000000000	58.3222570041488
38.7600000000000	58.2961794252433
38.8000000000000	58.2698974825067
38.8400000000000	58.2434380937022
38.8800000000000	58.2168282566986
38.9200000000000	58.1900933995115
38.9600000000000	58.1632548831172
39	58.1363310009021
39.0400000000000	58.1093389347450
39.0800000000000	58.0822970544884
39.1200000000000	58.0552196456675
39.1600000000000	58.0281169847695
39.2000000000000	58.0009965313319
39.2400000000000	57.9738637390162
39.2800000000000	57.9467226171856
39.3200000000000	57.9195765584172
39.3600000000000	57.8924320905685
39.4000000000000	57.8652904261818
39.4400000000000	57.8381517399884
39.4800000000000	57.8110160234507
39.5200000000000	57.7838832680384
39.5600000000000	57.7567534652279
39.6000000000000	57.7296266065028
39.6400000000000	57.7025026833539
39.6800000000000	57.6753816872788
39.7200000000000	57.6482636097820
39.7600000000000	57.6211484423753
39.8000000000000	57.5940361765772
39.8400000000000	57.5669268039132
39.8800000000000	57.5398203159159
39.9200000000000	57.5127167041246
39.9600000000000	57.4856159600858
40	57.4585180753527
40.0400000000000	57.4314230414855
40.0800000000000	57.4043308500511
40.1200000000000	57.3772414926236
40.1600000000000	57.3501549607836
40.2000000000000	57.3230712461188
40.2400000000000	57.2959903402237
40.2800000000000	57.2689122346995
40.3200000000000	57.2418369211544
40.3600000000000	57.2147643912031
40.4000000000000	57.1876946364675
40.4400000000000	57.1606276485759
40.4800000000000	57.1335634191636
40.5200000000000	57.1065019398725
40.5600000000000	57.0794432023514
40.6000000000000	57.0523871982557
40.6400000000000	57.0253339192475
40.6800000000000	56.9982833569957
40.7200000000000	56.9712355031759
40.7600000000000	56.9441903494701
40.8000000000000	56.9171478875675
40.8400000000000	56.8901081091634
40.8800000000000	56.8630710059601
40.9200000000000	56.8360365696665
40.9600000000000	56.8090047919979
41	56.7819756646763
41.0400000000000	56.7549491794306
41.0800000000000	56.7279253279958
41.1200000000000	56.7009041021138
41.1600000000000	56.6738854935330
41.2000000000000	56.6468694940082
41.2400000000000	56.6198560953009
41.2800000000000	56.5928452891792
41.3200000000000	56.5658370674174
41.3600000000000	56.5388314217967
41.4000000000000	56.5118283441044
41.4400000000000	56.4848278261346
41.4800000000000	56.4578298596877
41.5200000000000	56.4308344365705
41.5600000000000	56.4038415485965
41.6000000000000	56.3768511875853
41.6400000000000	56.3498633453632
41.6800000000000	56.3228780137628
41.7200000000000	56.2958951846231
41.7600000000000	56.2689148497894
41.8000000000000	56.2419370011136
41.8400000000000	56.2149616304537
41.8800000000000	56.1879887296743
41.9200000000000	56.1610182906461
41.9600000000000	56.1340503052463
42	56.1070847653585
42.0400000000000	56.0801216628723
42.0800000000000	56.0531609896838
42.1200000000000	56.0262027376955
42.1600000000000	55.9992468988159
42.2000000000000	55.9722934649599
42.2400000000000	55.9453424280487
42.2800000000000	55.9183937800097
42.3200000000000	55.8914475127765
42.3600000000000	55.8645036182889
42.4000000000000	55.8375620884930
42.4400000000000	55.8106229153410
42.4800000000000	55.7836860907913
42.5200000000000	55.7567516068085
42.5600000000000	55.7298194553635
42.6000000000000	55.7028896284329
42.6400000000000	55.6759621180000
42.6800000000000	55.6490369160539
42.7200000000000	55.6221140145899
42.7600000000000	55.5951934056094
42.8000000000000	55.5682750811199
42.8400000000000	55.5413590331349
42.8800000000000	55.5144452536741
42.9200000000000	55.4875337347633
42.9600000000000	55.4606244684341
43	55.4337174467244
43.0400000000000	55.4068126616781
43.0800000000000	55.3799101053449
43.1200000000000	55.3530097697808
43.1600000000000	55.3261116470476
43.2000000000000	55.2992157292132
43.2400000000000	55.2723220083513
43.2800000000000	55.2454304765418
43.3200000000000	55.2185411258704
43.3600000000000	55.1916539484288
43.4000000000000	55.1647689363146
43.4400000000000	55.1378860816314
43.4800000000000	55.1110053764885
43.5200000000000	55.0841268130014
43.5600000000000	55.0572503832912
43.6000000000000	55.0303760794852
43.6400000000000	55.0035038937162
43.6800000000000	54.9766338181232
43.7200000000000	54.9497658448508
43.7600000000000	54.9228999660495
43.8000000000000	54.8960361738758
43.8400000000000	54.8691744604917
43.8800000000000	54.8423148180652
43.9200000000000	54.8154572387702
43.9600000000000	54.7886017147861
44	54.7617482382983
44.0400000000000	54.7348968014979
44.0800000000000	54.7080473965817
44.1200000000000	54.6812000157523
44.1600000000000	54.6543546512179
44.2000000000000	54.6275112951928
44.2400000000000	54.6006699398965
44.2800000000000	54.5738305775545
44.3200000000000	54.5469932003980
44.3600000000000	54.5201578006638
44.4000000000000	54.4933243705943
44.4400000000000	54.4664929024378
44.4800000000000	54.4396633884479
44.5200000000000	54.4128358208841
44.5600000000000	54.3860101920115
44.6000000000000	54.3591864941007
44.6400000000000	54.3323647194281
44.6800000000000	54.3055448602755
44.7200000000000	54.2787269089303
44.7600000000000	54.2519108576857
44.8000000000000	54.2250966988401
44.8400000000000	54.1982844246979
44.8800000000000	54.1714740275686
44.9200000000000	54.1446654997676
44.9600000000000	54.1178588336156
45	54.0910540214389
45.0400000000000	54.0642510555693
45.0800000000000	54.0374499283441
45.1200000000000	54.0106506321061
45.1600000000000	53.9838531592035
45.2000000000000	53.9570575019900
45.2400000000000	53.9302636528248
45.2800000000000	53.9034716040726
45.3200000000000	53.8766813481033
45.3600000000000	53.8498928772926
45.4000000000000	53.8231061840212
45.4400000000000	53.7963212606754
45.4800000000000	53.7695380996471
45.5200000000000	53.7427566933332
45.5600000000000	53.7159770341362
45.6000000000000	53.6891991144640
45.6400000000000	53.6624229267297
45.6800000000000	53.6356484633519
45.7200000000000	53.6088757167545
45.7600000000000	53.5821046793665
45.8000000000000	53.5553353436227
45.8400000000000	53.5285677019627
45.8800000000000	53.5018017468317
45.9200000000000	53.4750374706801
45.9600000000000	53.4482748659636
46	53.4215139251431
46.0400000000000	53.3947546406849
46.0800000000000	53.3679970050604
46.1200000000000	53.3412410107464
46.1600000000000	53.3144866502247
46.2000000000000	53.2877339159826
46.2400000000000	53.2609828005123
46.2800000000000	53.2342332963115
46.3200000000000	53.2074853958829
46.3600000000000	53.1807390917345
46.4000000000000	53.1539943763793
46.4400000000000	53.1272512423357
46.4800000000000	53.1005096821270
46.5200000000000	53.0737696882820
46.5600000000000	53.0470312533341
46.6000000000000	53.0202943698224
46.6400000000000	52.9935590302908
46.6800000000000	52.9668252272882
46.7200000000000	52.9400929533689
46.7600000000000	52.9133622010922
46.8000000000000	52.8866329630222
46.8400000000000	52.8599052317285
46.8800000000000	52.8331789997854
46.9200000000000	52.8064542597726
46.9600000000000	52.7797310042744
47	52.7530092258805
47.0400000000000	52.7262889171854
47.0800000000000	52.6995700707889
47.1200000000000	52.6728526792954
47.1600000000000	52.6461367353146
47.2000000000000	52.6194222314611
47.2400000000000	52.5927091603545
47.2800000000000	52.5659975146192
47.3200000000000	52.5392872868848
47.3600000000000	52.5125784697857
47.4000000000000	52.4858710559613
47.4400000000000	52.4591650380559
47.4800000000000	52.4324604087187
47.5200000000000	52.4057571606038
47.5600000000000	52.3790552863704
47.6000000000000	52.3523547786823
47.6400000000000	52.3256556302084
47.6800000000000	52.2989578336223
47.7200000000000	52.2722613816026
47.7600000000000	52.2455662668328
47.8000000000000	52.2188724820011
47.8400000000000	52.1921800198006
47.8800000000000	52.1654888729292
47.9200000000000	52.1387990340898
47.9600000000000	52.1121104959899
48	52.0854232513418
48.0400000000000	52.0587372928628
48.0800000000000	52.0320526132748
48.1200000000000	52.0053692053045
48.1600000000000	51.9786870616834
48.2000000000000	51.9520061751479
48.2400000000000	51.9253265384388
48.2800000000000	51.8986481443020
48.3200000000000	51.8719709854880
48.3600000000000	51.8452950547519
48.4000000000000	51.8186203448537
48.4400000000000	51.7919468485580
48.4800000000000	51.7652745586341
48.5200000000000	51.7386034678562
48.5600000000000	51.7119335690028
48.6000000000000	51.6852648548573
48.6400000000000	51.6585973182078
48.6800000000000	51.6319309518469
48.7200000000000	51.6052657485721
48.7600000000000	51.5786017011852
48.8000000000000	51.5519388024928
48.8400000000000	51.5252770453063
48.8800000000000	51.4986164224413
48.9200000000000	51.4641462563519
48.9600000000000	51.4205171084399
49	51.3769211742169
49.0400000000000	51.3333584197964
49.0800000000000	51.2898288113499
49.1200000000000	51.2463323151068
49.1600000000000	51.2028688973543
49.2000000000000	51.1594385244373
49.2400000000000	51.1160411627584
49.2800000000000	51.0726767787776
49.3200000000000	51.0293453390122
49.3600000000000	50.9860468100368
49.4000000000000	50.9427811584832
49.4400000000000	50.8995483510402
49.4800000000000	50.8563483544535
49.5200000000000	50.8131811355257
49.5600000000000	50.7700466611161
49.6000000000000	50.7269448981405
49.6400000000000	50.6838758135712
49.6800000000000	50.6408393744370
49.7200000000000	50.5978355478229
49.7600000000000	50.5548643008701
49.8000000000000	50.5119256007758
49.8400000000000	50.4690194147932
49.8800000000000	50.4261457102313
49.9200000000000	50.3833044544549
49.9600000000000	50.3404956148844
50	50.2977191589957
50.0400000000000	50.2549750543202
50.0800000000000	50.2122632684446
50.1200000000000	50.1695837690107
50.1600000000000	50.1269365237154
50.2000000000000	50.0843215003109
50.2400000000000	50.0417386666039
50.2800000000000	49.9991879904562
50.3200000000000	49.9566694397840
50.3600000000000	49.9141829825584
50.4000000000000	49.8717285868047
50.4400000000000	49.8293062206028
50.4800000000000	49.7869158520867
50.5200000000000	49.7445574494447
50.5600000000000	49.7022309809190
50.6000000000000	49.6599364148060
50.6400000000000	49.6176737194558
50.6800000000000	49.5754428632724
50.7200000000000	49.5332438147132
50.7600000000000	49.4910765422896
50.8000000000000	49.4489410145659
50.8400000000000	49.4068372001603
50.8800000000000	49.3647650677439
50.9200000000000	49.3227245860412
50.9600000000000	49.2807157238295
51	49.2387384499393
51.0400000000000	49.1967927332539
51.0800000000000	49.1548785427093
51.1200000000000	49.1129958472943
51.1600000000000	49.0711446160500
51.2000000000000	49.0293248180702
51.2400000000000	48.9875364225011
51.2800000000000	48.9457793985410
51.3200000000000	48.9040537154406
51.3600000000000	48.8623593425024
51.4000000000000	48.8206962490811
51.4400000000000	48.7790644045831
51.4800000000000	48.7374637784669
51.5200000000000	48.6958943402424
51.5600000000000	48.6543560594713
51.6000000000000	48.6128489057665
51.6400000000000	48.5713728487927
51.6800000000000	48.5299278582656
51.7200000000000	48.4885139039523
51.7600000000000	48.4471309556710
51.8000000000000	48.4057789832908
51.8400000000000	48.3644579567320
51.8800000000000	48.3231678459654
51.9200000000000	48.2819086210128
51.9600000000000	48.2406802519466
52	48.1994827088897
52.0400000000000	48.1583159620155
52.0800000000000	48.1171799815478
52.1200000000000	48.0760747377607
52.1600000000000	48.0350002009784
52.2000000000000	47.9939563415753
52.2400000000000	47.9529431299758
52.2800000000000	47.9119605366542
52.3200000000000	47.8710085321345
52.3600000000000	47.8300870869907
52.4000000000000	47.7891961718462
52.4400000000000	47.7483357573741
52.4800000000000	47.7075058142969
52.5200000000000	47.6667063133866
52.5600000000000	47.6259372254642
52.6000000000000	47.5851985214001
52.6400000000000	47.5444901721140
52.6800000000000	47.5038121485741
52.7200000000000	47.4631644217981
52.7600000000000	47.4225469628521
52.8000000000000	47.3819597428512
52.8400000000000	47.3414027329591
52.8800000000000	47.3008759043881
52.9200000000000	47.2603792283989
52.9600000000000	47.2199126763006
53	47.1794762194509
53.0400000000000	47.1390698292553
53.0800000000000	47.0986934771677
53.1200000000000	47.0583471346900
53.1600000000000	47.0180307733722
53.2000000000000	46.9777443648120
53.2400000000000	46.9374878806549
53.2800000000000	46.8972612925943
53.3200000000000	46.8570645723710
53.3600000000000	46.8168976917735
53.4000000000000	46.7767606226377
53.4400000000000	46.7366533368469
53.4800000000000	46.6965758063316
53.5200000000000	46.6565280030697
53.5600000000000	46.6165098990861
53.6000000000000	46.5765214664526
53.6400000000000	46.5365626772883
53.6800000000000	46.4966335037588
53.7200000000000	46.4567339180769
53.7600000000000	46.4168638925016
53.8000000000000	46.3770233993390
53.8400000000000	46.3372124109414
53.8800000000000	46.2974308997079
53.9200000000000	46.2576788380836
53.9600000000000	46.2179561985601
54	46.1782629536753
54.0400000000000	46.1385990760131
54.0800000000000	46.0989645382035
54.1200000000000	46.0593593129225
54.1600000000000	46.0197833728919
54.2000000000000	45.9802366908794
54.2400000000000	45.9407192396984
54.2800000000000	45.9012309922080
54.3200000000000	45.8617719213128
54.3600000000000	45.8223419999630
54.4000000000000	45.7829412011541
54.4400000000000	45.7435694979271
54.4800000000000	45.7042268633680
54.5200000000000	45.6649132706082
54.5600000000000	45.6256286928242
54.6000000000000	45.5863731032375
54.6400000000000	45.5471464751144
54.6800000000000	45.5079487817663
54.7200000000000	45.4687799965491
54.7600000000000	45.4296400928638
54.8000000000000	45.3905290441558
54.8400000000000	45.3514468239150
54.8800000000000	45.3123934056759
54.9200000000000	45.2733687630175
54.9600000000000	45.2343728695630
55	45.1954056989799
55.0400000000000	45.1564672249798
55.0800000000000	45.1175574213185
55.1200000000000	45.0786762617958
55.1600000000000	45.0398237202556
55.2000000000000	45.0009997705855
55.2400000000000	44.9622043867169
55.2800000000000	44.9234375426251
55.3200000000000	44.8846992123289
55.3600000000000	44.8459893698907
55.4000000000000	44.8073079894166
55.4400000000000	44.7686550450560
55.4800000000000	44.7300305110015
55.5200000000000	44.6914343614894
55.5600000000000	44.6528665707988
55.6000000000000	44.6143271132522
55.6400000000000	44.5758159632151
55.6800000000000	44.5373330950961
55.7200000000000	44.4988784833467
55.7600000000000	44.4604521024610
55.8000000000000	44.4220539269762
55.8400000000000	44.3836839314722
55.8800000000000	44.3453420905714
55.9200000000000	44.3070283789389
55.9600000000000	44.2687427712822
56	44.2304852423513
56.0400000000000	44.1922557669385
56.0800000000000	44.1540543198786
56.1200000000000	44.1158808760483
56.1600000000000	44.0777354103668
56.2000000000000	44.0396178977951
56.2400000000000	44.0015283133364
56.2800000000000	43.9634666320358
56.3200000000000	43.9254328289802
56.3600000000000	43.8874268792984
56.4000000000000	43.8494487581609
56.4400000000000	43.8114984407800
56.4800000000000	43.7735759024093
56.5200000000000	43.7356811183444
56.5600000000000	43.6978140639219
56.6000000000000	43.6599747145202
56.6400000000000	43.6221630455587
56.6800000000000	43.5843790324983
56.7200000000000	43.5466226508410
56.7600000000000	43.5088938761301
56.8000000000000	43.4711926839496
56.8400000000000	43.4335190499250
56.8800000000000	43.3958729497223
56.9200000000000	43.3582543590486
56.9600000000000	43.3206632536519
57	43.2830996093207
57.0400000000000	43.2455634018842
57.0800000000000	43.2080546072125
57.1200000000000	43.1705732012159
57.1600000000000	43.1331191598454
57.2000000000000	43.0956924590924
57.2400000000000	43.0582930749885
57.2800000000000	43.0209209836058
57.3200000000000	42.9835761610565
57.3600000000000	42.9462585834930
57.4000000000000	42.9089682271078
57.4400000000000	42.8717050681334
57.4800000000000	42.8344690828424
57.5200000000000	42.7972602475471
57.5600000000000	42.7600785386000
57.6000000000000	42.7229239323929
57.6400000000000	42.6857964053578
57.6800000000000	42.6486959339661
57.7200000000000	42.6116224947289
57.7600000000000	42.5745760641967
57.8000000000000	42.5375566189597
57.8400000000000	42.5005641356473
57.8800000000000	42.4635985909285
57.9200000000000	42.4266599615113
57.9600000000000	42.3897482241433
58	42.3528633556110
58.0400000000000	42.3160053327401
58.0800000000000	42.2791741323953
58.1200000000000	42.2423697314804
58.1600000000000	42.2055921069381
58.2000000000000	42.1688412357501
58.2400000000000	42.1321170949366
58.2800000000000	42.0954196615569
58.3200000000000	42.0587489127088
58.3600000000000	42.0221048255288
58.4000000000000	41.9854873771920
58.4400000000000	41.9488965449122
58.4800000000000	41.9123323059413
58.5200000000000	41.8757946375698
58.5600000000000	41.8392835171268
58.6000000000000	41.8027989219792
58.6400000000000	41.7663408295326
58.6800000000000	41.7299092172305
58.7200000000000	41.6935040625547
58.7600000000000	41.6571253430250
58.8000000000000	41.6207730361992
58.8400000000000	41.5844471196730
58.8800000000000	41.5481475710802
58.9200000000000	41.5118743680923
58.9600000000000	41.4756274884186
59	41.4394069098062
59.0400000000000	41.4032126100398
59.0800000000000	41.3670445669419
59.1200000000000	41.3309027583723
59.1600000000000	41.2947871622285
59.2000000000000	41.2586977564456
59.2400000000000	41.2226345189958
59.2800000000000	41.1865974278889
59.3200000000000	41.1505864611719
59.3600000000000	41.1146015969290
59.4000000000000	41.0786428132817
59.4400000000000	41.0427100883886
59.4800000000000	41.0068034004455
59.5200000000000	40.9709227276850
59.5600000000000	40.9350680483769
59.6000000000000	40.8992393408280
59.6400000000000	40.8634365833816
59.6800000000000	40.8276597544182
59.7200000000000	40.7919088323550
59.7600000000000	40.7561837956459
59.8000000000000	40.7204846227814
59.8400000000000	40.6848112922887
59.8800000000000	40.6491637827316
59.9200000000000	40.6135420727105
59.9600000000000	40.5779461408620
60	40.5423759658593
60.0400000000000	40.5068315264121
60.0800000000000	40.4713128012662
60.1200000000000	40.4358197692039
60.1600000000000	40.4003524090434
60.2000000000000	40.3649106996395
60.2400000000000	40.3294946198827
60.2800000000000	40.2941041486999
60.3200000000000	40.2587392650539
60.3600000000000	40.2233999479436
60.4000000000000	40.1880861764035
60.4400000000000	40.1527979295044
60.4800000000000	40.1175351863527
60.5200000000000	40.0822979260906
60.5600000000000	40.0470861278962
60.6000000000000	40.0118997709832
60.6400000000000	39.9767388346009
60.6800000000000	39.9416032980342
60.7200000000000	39.9064931406036
60.7600000000000	39.8714083416652
60.8000000000000	39.8363488806104
60.8400000000000	39.8013147368661
60.8800000000000	39.7663058898947
60.9200000000000	39.7313223191937
60.9600000000000	39.6963640042959
61	39.6614309247695
61.0400000000000	39.6265230602179
61.0800000000000	39.5916403902794
61.1200000000000	39.5567828946277
61.1600000000000	39.5219505529713
61.2000000000000	39.4871433450539
61.2400000000000	39.4523612506541
61.2800000000000	39.4176042495855
61.3200000000000	39.3828723216964
61.3600000000000	39.3481654468702
61.4000000000000	39.3134836050248
61.4400000000000	39.2788267761132
61.4800000000000	39.2441949401228
61.5200000000000	39.2095880770758
61.5600000000000	39.1750061670291
61.6000000000000	39.1404491900741
61.6400000000000	39.1059171263368
61.6800000000000	39.0714099559776
61.7200000000000	39.0369276591914
61.7600000000000	39.0024702162077
61.8000000000000	38.9680376072901
61.8400000000000	38.9336298127367
61.8800000000000	38.8992468128798
61.9200000000000	38.8648885880862
61.9600000000000	38.8305551187567
62	38.7962463853262
62.0400000000000	38.7619623682640
62.0800000000000	38.7277030480733
62.1200000000000	38.6934684052915
62.1600000000000	38.6592584204899
62.2000000000000	38.6250730742739
62.2400000000000	38.5909123472827
62.2800000000000	38.5567762201896
62.3200000000000	38.5226646737015
62.3600000000000	38.4885776885594
62.4000000000000	38.4545152455381
62.4400000000000	38.4204773254458
62.4800000000000	38.3864639091248
62.5200000000000	38.3524749774510
62.5600000000000	38.3185105113337
62.6000000000000	38.2845704917162
62.6400000000000	38.2506548995751
62.6800000000000	38.2167637159206
62.7200000000000	38.1828969217964
62.7600000000000	38.1490544982797
62.8000000000000	38.1152364264811
62.8400000000000	38.0814426875447
62.8800000000000	38.0476732626477
62.9200000000000	38.0139281330008
62.9600000000000	37.9802072798481
63	37.9465106844667
63.0400000000000	37.9128383281672
63.0800000000000	37.8791901922932
63.1200000000000	37.8455662582214
63.1600000000000	37.8119665073619
63.2000000000000	37.7783909211576
63.2400000000000	37.7448394810845
63.2800000000000	37.7113121686519
63.3200000000000	37.6778089654017
63.3600000000000	37.6443298529091
63.4000000000000	37.6108748127819
63.4400000000000	37.5774438266611
63.4800000000000	37.5440368762204
63.5200000000000	37.5106539431663
63.5600000000000	37.4772950092383
63.6000000000000	37.4439600562084
63.6400000000000	37.4106490658816
63.6800000000000	37.3773620200953
63.7200000000000	37.3440989007200
63.7600000000000	37.3108596896585
63.8000000000000	37.2776443688462
63.8400000000000	37.2444529202515
63.8800000000000	37.2112853258750
63.9200000000000	37.1835447055556
63.9600000000000	37.1621688744149
64	37.1408006865952
64.0400000000000	37.1194401354583
64.0800000000000	37.0980872143741
64.1200000000000	37.0767419167208
64.1600000000000	37.0554042358845
64.2000000000000	37.0340741652594
64.2400000000000	37.0127516982480
64.2800000000000	36.9914368282608
64.3200000000000	36.9701295487162
64.3600000000000	36.9488298530412
64.4000000000000	36.9275377346702
64.4400000000000	36.9062531870464
64.4800000000000	36.8849762036205
64.5200000000000	36.8637067778516
64.5600000000000	36.8424449032067
64.6000000000000	36.8211905731610
64.6400000000000	36.7999437811977
64.6800000000000	36.7787045208080
64.7200000000000	36.7574727854912
64.7600000000000	36.7362485687548
64.8000000000000	36.7150318641140
64.8400000000000	36.6938226650923
64.8800000000000	36.6726209652212
64.9200000000000	36.6514267580401
64.9600000000000	36.6302400370967
65	36.6090607959464
65.0400000000000	36.5878890281527
65.0800000000000	36.5667247272873
65.1200000000000	36.5455678869297
65.1600000000000	36.5244185006675
65.2000000000000	36.5032765620963
65.2400000000000	36.4821420648198
65.2800000000000	36.4610150024493
65.3200000000000	36.4398953686045
65.3600000000000	36.4187831569131
65.4000000000000	36.3976783610104
65.4400000000000	36.3765809745400
65.4800000000000	36.3554909911534
65.5200000000000	36.3344084045100
65.5600000000000	36.3133332082773
65.6000000000000	36.2922653961306
65.6400000000000	36.2712049617533
65.6800000000000	36.2501518988367
65.7200000000000	36.2291062010801
65.7600000000000	36.2080678621906
65.8000000000000	36.1870368758834
65.8400000000000	36.1660132358816
65.8800000000000	36.1449969359162
65.9200000000000	36.1239879697262
65.9600000000000	36.1029863310585
66	36.0819920136680
66.0400000000000	36.0610050113173
66.0800000000000	36.0400253177773
66.1200000000000	36.0190529268265
66.1600000000000	35.9980878322514
66.2000000000000	35.9771300278465
66.2400000000000	35.9561795074141
66.2800000000000	35.9352362647645
66.3200000000000	35.9143002937159
66.3600000000000	35.8933715880944
66.4000000000000	35.8724501417340
66.4400000000000	35.8515357813122
66.4800000000000	35.8306283335920
66.5200000000000	35.8097277925465
66.5600000000000	35.7888341521568
66.6000000000000	35.7679474064115
66.6400000000000	35.7470675493069
66.6800000000000	35.7261945748470
66.7200000000000	35.7053284770435
66.7600000000000	35.6844692499157
66.8000000000000	35.6636168874907
66.8400000000000	35.6427713838030
66.8800000000000	35.6219327328950
66.9200000000000	35.6011009288168
66.9600000000000	35.5802759656259
67	35.5594578373876
67.0400000000000	35.5386465381750
67.0800000000000	35.5178420620687
67.1200000000000	35.4970444031570
67.1600000000000	35.4762535555357
67.2000000000000	35.4554695133085
67.2400000000000	35.4346922705867
67.2800000000000	35.4139218214891
67.3200000000000	35.3931581601422
67.3600000000000	35.3724012806803
67.4000000000000	35.3516511772451
67.4400000000000	35.3309078439863
67.4800000000000	35.3101712750608
67.5200000000000	35.2894414646335
67.5600000000000	35.2687184068769
67.6000000000000	35.2480020959708
67.6400000000000	35.2272925261032
67.6800000000000	35.2065896914692
67.7200000000000	35.1858935862720
67.7600000000000	35.1652042047221
67.8000000000000	35.1445215410378
67.8400000000000	35.1238455894450
67.8800000000000	35.1031763441773
67.9200000000000	35.0825137994758
67.9600000000000	35.0618579495895
68	35.0412087887746
68.0400000000000	35.0205663112955
68.0800000000000	34.9999305114237
68.1200000000000	34.9793013834388
68.1600000000000	34.9586789216276
68.2000000000000	34.9380129143301
68.2400000000000	34.9173534587841
68.2800000000000	34.8967005489417
68.3200000000000	34.8760541787615
68.3600000000000	34.8554143422080
68.4000000000000	34.8347810332521
68.4400000000000	34.8141542458708
68.4800000000000	34.7935339740475
68.5200000000000	34.7729202117716
68.5600000000000	34.7523129530388
68.6000000000000	34.7317121918511
68.6400000000000	34.7111179222164
68.6800000000000	34.6905301381490
68.7200000000000	34.6699488336694
68.7600000000000	34.6493740028042
68.8000000000000	34.6288056395860
68.8400000000000	34.6082437380538
68.8800000000000	34.5876882922526
68.9200000000000	34.5671392962336
68.9600000000000	34.5465967440542
69	34.5260606297779
69.0400000000000	34.5055309474740
69.0800000000000	34.4850076912185
69.1200000000000	34.4644908550931
69.1600000000000	34.4439804331857
69.2000000000000	34.4234764195902
69.2400000000000	34.4029788084069
69.2800000000000	34.3824875937419
69.3200000000000	34.3620027697074
69.3600000000000	34.3415243304219
69.4000000000000	34.3210522700096
69.4400000000000	34.3005865826012
69.4800000000000	34.2801272623330
69.5200000000000	34.2596743033478
69.5600000000000	34.2392276997940
69.6000000000000	34.2187874458265
69.6400000000000	34.1983535356058
69.6800000000000	34.1779259632986
69.7200000000000	34.1575047230778
69.7600000000000	34.1370898091220
69.8000000000000	34.1166812156161
69.8400000000000	34.0962789367507
69.8800000000000	34.0758829667228
69.9200000000000	34.0554932997349
69.9600000000000	34.0351099299958
70	34.0147328517203
70.0400000000000	33.9943620591291
70.0800000000000	33.9739975464487
70.1200000000000	33.9536393079119
70.1600000000000	33.9332873377572
70.2000000000000	33.9129416302291
70.2400000000000	33.8926021795781
70.2800000000000	33.8722689800606
70.3200000000000	33.8519420259390
70.3600000000000	33.8316213114816
70.4000000000000	33.8113068309625
70.4400000000000	33.7909985786618
70.4800000000000	33.7706965488657
70.5200000000000	33.7504007358660
70.5600000000000	33.7301111339605
70.6000000000000	33.7098277374530
70.6400000000000	33.6895505406532
70.6800000000000	33.6692795378765
70.7200000000000	33.6490147234443
70.7600000000000	33.6287560916838
70.8000000000000	33.6085036369283
70.8400000000000	33.5882573535167
70.8800000000000	33.5680172357938
70.9200000000000	33.5477832781104
70.9600000000000	33.5275554748229
71	33.5073338202939
71.0400000000000	33.4871183088914
71.0800000000000	33.4669089349897
71.1200000000000	33.4467056929684
71.1600000000000	33.4265085772135
71.2000000000000	33.4063175821163
71.2400000000000	33.3861327020743
71.2800000000000	33.3659539314905
71.3200000000000	33.3457812647739
71.3600000000000	33.3256146963392
71.4000000000000	33.3054542206070
71.4400000000000	33.2852998320035
71.4800000000000	33.2651515249609
71.5200000000000	33.2450092939170
71.5600000000000	33.2248731333154
71.6000000000000	33.2047430376055
71.6400000000000	33.1846190012426
71.6800000000000	33.1645010186875
71.7200000000000	33.1443890844068
71.7600000000000	33.1242831928730
71.8000000000000	33.1041833385643
71.8400000000000	33.0840895159644
71.8800000000000	33.0640017195631
71.9200000000000	33.0439199438557
71.9600000000000	33.0238441833431
72	33.0037744325323
72.0400000000000	32.9837106859357
72.0800000000000	32.9636529380715
72.1200000000000	32.9436011834635
72.1600000000000	32.9235554166414
72.2000000000000	32.9035156321405
72.2400000000000	32.8834818245018
72.2800000000000	32.8634539882718
72.3200000000000	32.8434321180029
72.3600000000000	32.8234162082533
72.4000000000000	32.8034062535864
72.4400000000000	32.7834022485717
72.4800000000000	32.7634041877841
72.5200000000000	32.7434120658045
72.5600000000000	32.7234258772189
72.6000000000000	32.7034456166194
72.6400000000000	32.6834712786037
72.6800000000000	32.6635028577749
72.7200000000000	32.6435403487418
72.7600000000000	32.6235837461191
72.8000000000000	32.6036330445269
72.8400000000000	32.5836882385908
72.8800000000000	32.5637493229423
72.9200000000000	32.5438162922182
72.9600000000000	32.5238891410613
73	32.5039678641196
73.0400000000000	32.4840524560470
73.0800000000000	32.4641429115029
73.1200000000000	32.4442392251521
73.1600000000000	32.4243413916653
73.2000000000000	32.4044494057185
73.2400000000000	32.3845632619936
73.2800000000000	32.3646829551777
73.3200000000000	32.3448084799638
73.3600000000000	32.3249398310502
73.4000000000000	32.3050770031410
73.4400000000000	32.2852199909456
73.4800000000000	32.2653687891792
73.5200000000000	32.2455233925624
73.5600000000000	32.2256837958214
73.6000000000000	32.2058499936880
73.6400000000000	32.1860219808993
73.6800000000000	32.1661997521982
73.7200000000000	32.1463833023330
73.7600000000000	32.1265726260576
73.8000000000000	32.1067677181314
73.8400000000000	32.0869685733192
73.8800000000000	32.0671751863914
73.9200000000000	32.0473875521240
73.9600000000000	32.0276056652984
74	32.0078295207015
74.0400000000000	31.9880591131258
74.0800000000000	31.9682944373691
74.1200000000000	31.9485354882349
74.1600000000000	31.9287822605321
74.2000000000000	31.9090347490751
74.2400000000000	31.8892929486837
74.2800000000000	31.8695568541833
74.3200000000000	31.8498264604047
74.3600000000000	31.8301017621843
74.4000000000000	31.8103827543636
74.4400000000000	31.7906694317901
74.4800000000000	31.7709617893163
74.5200000000000	31.7512598218004
74.5600000000000	31.7315635241059
74.6000000000000	31.7118728911020
74.6400000000000	31.6921879176631
74.6800000000000	31.6725085986691
74.7200000000000	31.6528349290055
74.7600000000000	31.6331669035629
74.8000000000000	31.6135045172377
74.8400000000000	31.5938477649314
74.8800000000000	31.5741966415513
74.9200000000000	31.5545511420097
74.9600000000000	31.5349112612247
75	31.5152769941196
75.0400000000000	31.4956483356232
75.0800000000000	31.4760252806696
75.1200000000000	31.4564078241984
75.1600000000000	31.4367959611546
75.2000000000000	31.4171896864886
75.2400000000000	31.3975889951562
75.2800000000000	31.3779938821186
75.3200000000000	31.3584043423423
75.3600000000000	31.3388203707993
75.4000000000000	31.3192419624670
75.4400000000000	31.2996691123280
75.4800000000000	31.2801018153706
75.5200000000000	31.2605400665881
75.5600000000000	31.2409838609795
75.6000000000000	31.2214331935490
75.6400000000000	31.2018880593063
75.6800000000000	31.1823484532662
75.7200000000000	31.1628143704491
75.7600000000000	31.1432858058808
75.8000000000000	31.1237627545923
75.8400000000000	31.1042452116199
75.8800000000000	31.0847331720056
75.9200000000000	31.0652266307963
75.9600000000000	31.0457255830446
76	31.0262300238082
76.0400000000000	31.0067399481504
76.0800000000000	30.9872553511396
76.1200000000000	30.9677762278497
76.1600000000000	30.9483025733597
76.2000000000000	30.9288343827543
76.2400000000000	30.9093716511233
76.2800000000000	30.8899143735618
76.3200000000000	30.8704625451703
76.3600000000000	30.8510161610546
76.4000000000000	30.8315752163259
76.4400000000000	30.8121397061005
76.4800000000000	30.7927096255004
76.5200000000000	30.7732849696525
76.5600000000000	30.7538657336892
76.6000000000000	30.7344519127483
76.6400000000000	30.7150435019728
76.6800000000000	30.6956404965109
76.7200000000000	30.6762428915164
76.7600000000000	30.6568506821481
76.8000000000000	30.6374638635703
76.8400000000000	30.6180824309525
76.8800000000000	30.5987063794695
76.9200000000000	30.5793357043014
76.9600000000000	30.5599704006337
77	30.5406104636569
77.0400000000000	30.5212558885672
77.0800000000000	30.5019066705658
77.1200000000000	30.4825628048592
77.1600000000000	30.4632242866593
77.2000000000000	30.4438911111832
77.2400000000000	30.4245632736532
77.2800000000000	30.4052407692972
77.3200000000000	30.3859235933479
77.3600000000000	30.3666117410438
77.4000000000000	30.3473052076281
77.4400000000000	30.3280039883498
77.4800000000000	30.3087080784629
77.5200000000000	30.2894174732267
77.5600000000000	30.2701321679056
77.6000000000000	30.2508521577697
77.6400000000000	30.2315774380940
77.6800000000000	30.2123080041589
77.7200000000000	30.1955586579726
77.7600000000000	30.1817708725550
77.8000000000000	30.1679878677187
77.8400000000000	30.1542096404502
77.8800000000000	30.1404361877387
77.9200000000000	30.1266675065767
77.9600000000000	30.1129035939595
78	30.0991444468857
78.0400000000000	30.0853900623566
78.0800000000000	30.0716404373769
78.1200000000000	30.0578955689540
78.1600000000000	30.0441554540984
78.2000000000000	30.0304200898238
78.2400000000000	30.0166894731468
78.2800000000000	30.0029636010868
78.3200000000000	29.9892424706666
78.3600000000000	29.9755260789117
78.4000000000000	29.9618144228507
78.4400000000000	29.9481074995154
78.4800000000000	29.9344053059403
78.5200000000000	29.9207078391630
78.5600000000000	29.9070150962243
78.6000000000000	29.8933270741676
78.6400000000000	29.8796437700397
78.6800000000000	29.8659651808901
78.7200000000000	29.8522913037715
78.7600000000000	29.8386221357395
78.8000000000000	29.8249576738526
78.8400000000000	29.8112979151723
78.8800000000000	29.7976428567634
78.9200000000000	29.7839924956932
78.9600000000000	29.7703468290322
79	29.7567058538540
79.0400000000000	29.7430695672350
79.0800000000000	29.7294379662547
79.1200000000000	29.7158110479953
79.1600000000000	29.7021888095424
79.2000000000000	29.6885712479841
79.2400000000000	29.6749583604119
79.2800000000000	29.6613501439198
79.3200000000000	29.6477465956053
79.3600000000000	29.6341477125684
79.4000000000000	29.6205534919123
79.4400000000000	29.6069639307429
79.4800000000000	29.5933790261695
79.5200000000000	29.5797987753039
79.5600000000000	29.5662231752611
79.6000000000000	29.5526522231589
79.6400000000000	29.5390859161181
79.6800000000000	29.5255242512626
79.7200000000000	29.5119672257190
79.7600000000000	29.4984148366170
79.8000000000000	29.4848670810891
79.8400000000000	29.4713239562708
79.8800000000000	29.4577854593006
79.9200000000000	29.4442515873198
79.9600000000000	29.4307223374727
80	29.4171977069066
80.0400000000000	29.4036776927716
80.0800000000000	29.3901622922208
80.1200000000000	29.3766515024101
80.1600000000000	29.3631453204985
80.2000000000000	29.3496437436478
80.2400000000000	29.3361467690228
80.2800000000000	29.3226543937910
80.3200000000000	29.3091666151231
80.3600000000000	29.2956834301925
80.4000000000000	29.2822048361757
80.4400000000000	29.2687308302519
80.4800000000000	29.2552614096033
80.5200000000000	29.2417965714150
80.5600000000000	29.2283363128750
80.6000000000000	29.2148806311742
80.6400000000000	29.2014295235064
80.6800000000000	29.1879829870683
80.7200000000000	29.1745410190595
80.7600000000000	29.1611036166824
80.8000000000000	29.1476707771424
80.8400000000000	29.1342424976478
80.8800000000000	29.1208187754097
80.9200000000000	29.1073996076421
80.9600000000000	29.0939849915620
81	29.0805749243890
81.0400000000000	29.0671694033460
81.0800000000000	29.0537684256585
81.1200000000000	29.0403719885548
81.1600000000000	29.0269800892662
81.2000000000000	29.0135927250270
81.2400000000000	29.0002098930742
81.2800000000000	28.9868315906477
81.3200000000000	28.9734578149902
81.3600000000000	28.9600885633475
81.4000000000000	28.9467238329679
81.4400000000000	28.9333636211030
81.4800000000000	28.9200079250070
81.5200000000000	28.9066567419368
81.5600000000000	28.8933100691526
81.6000000000000	28.8799679039170
81.6400000000000	28.8666302434958
81.6800000000000	28.8532970851575
81.7200000000000	28.8399684261734
81.7600000000000	28.8266442638178
81.8000000000000	28.8133245953678
81.8400000000000	28.8000094181032
81.8800000000000	28.7866987293068
81.9200000000000	28.7733925262642
81.9600000000000	28.7600908062639
82	28.7467935665972
82.0400000000000	28.7335008045581
82.0800000000000	28.7202125174437
82.1200000000000	28.7069287025537
82.1600000000000	28.6936493571908
82.2000000000000	28.6803744786605
82.2400000000000	28.6671040642711
82.2800000000000	28.6538381113336
82.3200000000000	28.6405766171620
82.3600000000000	28.6273195790733
82.4000000000000	28.6140669943868
82.4400000000000	28.6008188604252
82.4800000000000	28.5875751745136
82.5200000000000	28.5743359339801
82.5600000000000	28.5611011361556
82.6000000000000	28.5478707783739
82.6400000000000	28.5346448579716
82.6800000000000	28.5214233722878
82.7200000000000	28.5082063186649
82.7600000000000	28.4949936944478
82.8000000000000	28.4817854969842
82.8400000000000	28.4685817236249
82.8800000000000	28.4553823717231
82.9200000000000	28.4421874386352
82.9600000000000	28.4289969217202
83	28.4158108183398
83.0400000000000	28.4026287427126
83.0800000000000	28.3894503092009
83.1200000000000	28.3762755153863
83.1600000000000	28.3631043588529
83.2000000000000	28.3499368371874
83.2400000000000	28.3367729479790
83.2800000000000	28.3236126888191
83.3200000000000	28.3104560573019
83.3600000000000	28.2973030510240
83.4000000000000	28.2841536675845
83.4400000000000	28.2710079045850
83.4800000000000	28.2578657596294
83.5200000000000	28.2447272303244
83.5600000000000	28.2315923142791
83.6000000000000	28.2184610091048
83.6400000000000	28.2053333124157
83.6800000000000	28.1922092218283
83.7200000000000	28.1790887349615
83.7600000000000	28.1659718494368
83.8000000000000	28.1528585628781
83.8400000000000	28.1397488729119
83.8800000000000	28.1266427771672
83.9200000000000	28.1135402732753
83.9600000000000	28.1004413588700
84	28.0873460315879
84.0400000000000	28.0742542890676
84.0800000000000	28.0611661289506
84.1200000000000	28.0480815488807
84.1600000000000	28.0350005465040
84.2000000000000	28.0219231194695
84.2400000000000	28.0088492654283
84.2800000000000	27.9957789820341
84.3200000000000	27.9827122669431
84.3600000000000	27.9696491178141
84.4000000000000	27.9565895323081
84.4400000000000	27.9435335080888
84.4800000000000	27.9304810428223
84.5200000000000	27.9174321341771
84.5600000000000	27.9043867798243
84.6000000000000	27.8913449774373
84.6400000000000	27.8783067246923
84.6800000000000	27.8652720192676
84.7200000000000	27.8522408588442
84.7600000000000	27.8392132411054
84.8000000000000	27.8261891637372
84.8400000000000	27.8131686244279
84.8800000000000	27.8001516208683
84.9200000000000	27.7871381507516
84.9600000000000	27.7741282117738
85	27.7611218016329
85.0400000000000	27.7481189180296
85.0800000000000	27.7351195586672
85.1200000000000	27.7221237212512
85.1600000000000	27.7091314034897
85.2000000000000	27.6961426030934
85.2400000000000	27.6831573177751
85.2800000000000	27.6701755452505
85.3200000000000	27.6571972832375
85.3600000000000	27.6442225294565
85.4000000000000	27.6312512816304
85.4400000000000	27.6182835374845
85.4800000000000	27.6053192947468
85.5200000000000	27.5923585511474
85.5600000000000	27.5794013044191
85.5857292957551	27.5710686305952
85.5971268143356	27.5673778992251
85.6000000000000	27.5664475522971
85.6031768811753	27.5654202859651
85.6190612870516	27.5603391556776
85.6400000000000	27.5539570045260
85.6800000000000	27.5450868688748
85.7200000000000	27.5505455670149
85.7600000000000	27.5797951612621
85.8000000000000	27.6210062580524
85.8400000000000	27.6687155944129
85.8800000000000	27.7201027534429
85.9200000000000	27.7736171925959
85.9600000000000	27.8283331991219
86	27.8836847287842
86.0400000000000	27.9393313351960
86.0800000000000	27.9950707272359
86.1200000000000	28.0507836428022
86.1600000000000	28.1064001917974
86.2000000000000	28.1618796681968
86.2400000000000	28.2171985603319
86.2800000000000	28.2723434690528
86.3200000000000	28.3273069370782
86.3600000000000	28.3820849964402
86.4000000000000	28.4366757271604
86.4400000000000	28.4910779070633
86.4800000000000	28.5452963176894
86.5200000000000	28.5993374513220
86.5600000000000	28.6532053919884
86.6000000000000	28.7069028274169
86.6400000000000	28.7604316441636
86.6800000000000	28.8137932676106
86.7200000000000	28.8669888563920
86.7600000000000	28.9200194136788
86.8000000000000	28.9728858509344
86.8400000000000	29.0255832953357
86.8800000000000	29.0780867673604
86.9200000000000	29.1304043493884
86.9600000000000	29.1825451481511
87	29.2345144842326
87.0400000000000	29.2863156228105
87.0800000000000	29.3379507105432
87.1200000000000	29.3894212834679
87.1600000000000	29.4407285426880
87.2000000000000	29.4918735041928
87.2400000000000	29.5428570803721
87.2800000000000	29.5936801244250
87.3200000000000	29.6443482802537
87.3600000000000	29.6948875902378
87.4000000000000	29.7453017597987
87.4400000000000	29.7955902301419
87.4800000000000	29.8457529189542
87.5200000000000	29.8957900066115
87.5600000000000	29.9457018177898
87.6000000000000	29.9954887558595
87.6400000000000	30.0451512665063
87.6800000000000	30.0946898175489
87.7200000000000	30.1441048877371
87.7600000000000	30.1933969605360
87.8000000000000	30.2425663814401
87.8400000000000	30.2916004095013
87.8800000000000	30.3405084395452
87.9200000000000	30.3893094009035
87.9600000000000	30.4380125521831
88	30.4866224987761
88.0400000000000	30.5351416014217
88.0800000000000	30.5835711007991
88.1200000000000	30.6319158625178
88.1600000000000	30.6801872618081
88.2000000000000	30.7283922603354
88.2400000000000	30.7765345061469
88.2800000000000	30.8246159378641
88.3200000000000	30.8726376107814
88.3600000000000	30.9206001230261
88.4000000000000	30.9685038357306
88.4400000000000	31.0163489869377
88.4800000000000	31.0641359009296
88.5200000000000	31.1118664979572
88.5600000000000	31.1595395474046
88.6000000000000	31.2071537762997
88.6400000000000	31.2547085601548
88.6800000000000	31.3022036192387
88.7200000000000	31.3496388572080
88.7600000000000	31.3970142752888
88.8000000000000	31.4443299265904
88.8400000000000	31.4915858917596
88.8800000000000	31.5387822659925
88.9200000000000	31.5859191520996
88.9600000000000	31.6329966567988
89	31.6800148887327
89.0400000000000	31.7269739574068
89.0800000000000	31.7738739726214
89.1200000000000	31.8207150441674
89.1600000000000	31.8674972816634
89.2000000000000	31.9142195328799
89.2400000000000	31.9608417989577
89.2800000000000	32.0073597649817
89.3200000000000	32.0537920671178
89.3600000000000	32.1001470715239
89.4000000000000	32.1464285895144
89.4400000000000	32.1926384065492
89.4800000000000	32.2387774048855
89.5200000000000	32.2848460631465
89.5600000000000	32.3308446790845
89.6000000000000	32.3767734691069
89.6400000000000	32.4226326128227
89.6800000000000	32.4684222730195
89.7200000000000	32.5141426046371
89.7600000000000	32.5597937588078
89.8000000000000	32.6053758846778
89.8400000000000	32.6508891302323
89.8800000000000	32.6963336426685
89.9200000000000	32.7417095685672
89.9600000000000	32.7870170539707
90	32.8322562444206
90.0400000000000	32.8774272849752
90.0800000000000	32.9225303202194
90.1200000000000	32.9675654942700
90.1600000000000	33.0125329507793
90.2000000000000	33.0574286252786
90.2400000000000	33.1022442674274
90.2800000000000	33.1469896102921
90.3200000000000	33.1916697386535
90.3600000000000	33.2362868108294
90.4000000000000	33.2808417820619
90.4400000000000	33.3253351117499
90.4800000000000	33.3697670543922
90.5200000000000	33.4243899595862
90.5600000000000	33.5540278590163
90.6000000000000	33.7522350289923
90.6400000000000	33.9174506730051
90.6800000000000	34.1884901823118
90.7200000000000	34.5097670397077
90.7600000000000	34.8550149793192
90.8000000000000	35.2109208695172
90.8400000000000	35.5708461292782
90.8800000000000	35.9313540263858
90.9200000000000	36.2901865573451
90.9600000000000	36.6461309953215
91	36.9992425867737
91.0400000000000	37.3497174096471
91.0800000000000	37.6975411861214
91.1200000000000	38.0427266938840
91.1600000000000	38.3855089532134
91.2000000000000	38.7259837553610
91.2400000000000	39.0638254934929
91.2800000000000	39.3993722554343
91.3200000000000	39.7329267655495
91.3600000000000	40.0650995145271
91.4000000000000	40.3960097915146
91.4400000000000	40.7256429009530
91.4800000000000	41.0538335075429
91.5200000000000	41.3812701162063
91.5600000000000	41.7082955536642
91.6000000000000	42.0350165123287
91.6400000000000	42.3614901999592
91.6800000000000	42.6876789201095
91.7200000000000	43.0135558662303
91.7600000000000	43.3391295305766
91.8000000000000	43.6638999198988
91.8400000000000	43.9875737394202
91.8800000000000	44.3106872021393
91.9200000000000	44.6333622780171
91.9600000000000	44.9556281067234
92	45.2774905342499
92.0400000000000	45.5987832234807
92.0800000000000	45.9196794245695
92.1200000000000	46.2403335762441
92.1600000000000	46.5607767492534
92.2000000000000	46.8810147528824
92.2400000000000	47.2010481724677
92.2800000000000	47.5208765030048
92.3200000000000	47.8403592039720
92.3600000000000	48.1594528033494
92.4000000000000	48.4783000927333
92.4400000000000	48.7969232180850
92.4800000000000	49.1153258673432
92.5200000000000	49.3937501016076
92.5600000000000	49.4923352037121
92.6000000000000	49.5470290805692
92.6400000000000	49.7749988574265
92.6800000000000	49.8644237113111
92.7200000000000	49.9052487427827
92.7600000000000	49.9328333122890
92.8000000000000	49.9551364891640
92.8400000000000	49.9748727845555
92.8800000000000	49.9932395483389
92.9200000000000	50.0108370977345
92.9600000000000	50.0279875851789
93	50.0448705788489
93.0400000000000	50.1456585994536
93.0800000000000	50.2084344468211
93.1200000000000	50.2501076242727
93.1600000000000	50.2803737636365
93.2000000000000	50.3047777433259
93.2400000000000	50.3259001480022
93.2800000000000	50.3455389246728
93.3200000000000	50.3645584559531
93.3600000000000	50.3833091338683
93.4000000000000	50.4019366790341
93.4400000000000	50.4205028915333
93.4800000000000	50.4390342110390
93.5200000000000	50.4575419981117
93.5600000000000	50.4760311479441
93.6000000000000	50.4945037763772
93.6400000000000	50.5129608027889
93.6800000000000	50.5314026310507
93.7200000000000	50.5498294427775
93.7600000000000	50.5682413237057
93.8000000000000	50.5866383181864
93.8400000000000	50.6050204526961
93.8800000000000	50.6233877459838
93.9200000000000	50.6417402134537
93.9600000000000	50.6600778690581
94	50.6784007261160
94.0400000000000	50.6967087976669
94.0800000000000	50.7150020966238
94.1200000000000	50.7332806358398
94.1600000000000	50.7515444281365
94.2000000000000	50.7697934863165
94.2400000000000	50.7880278231690
94.2800000000000	50.8062474514718
94.3200000000000	50.8244523839927
94.3600000000000	50.8426426334896
94.4000000000000	50.8608182127109
94.4400000000000	50.8789791343956
94.4800000000000	50.8971254112731
94.5200000000000	50.9152570560635
94.5600000000000	50.9333740814777
94.6000000000000	50.9514765002168
94.6400000000000	50.9695643249728
94.6800000000000	50.9876375684283
94.7200000000000	51.0056962432564
94.7600000000000	51.0237399985190
94.8000000000000	51.0417667804879
94.8400000000000	51.0597774081529
94.8800000000000	51.0777726075455
94.9200000000000	51.0957526752655
94.9600000000000	51.1137177373181
95	51.1316678518949
95.0400000000000	51.1496030502117
95.0800000000000	51.1675233527443
95.1200000000000	51.1854287756863
95.1600000000000	51.2033193335196
95.2000000000000	51.2211950400377
95.2400000000000	51.2390559087535
95.2800000000000	51.2569019530618
95.3200000000000	51.2747331863045
95.3600000000000	51.2925496217958
95.4000000000000	51.3103512728333
95.4400000000000	51.3281381527015
95.4800000000000	51.3459102746737
95.5200000000000	51.3636676520129
95.5600000000000	51.3814102979717
95.6000000000000	51.3991382257924
95.6400000000000	51.4168514487076
95.6800000000000	51.4345499799394
95.7200000000000	51.4522338327000
95.7600000000000	51.4699030201917
95.8000000000000	51.4875575556064
95.8400000000000	51.5051974521264
95.8800000000000	51.5228227229234
95.9200000000000	51.5404333811596
95.9600000000000	51.5580294399869
96	51.5756109125471
96.0400000000000	51.5931778119721
96.0800000000000	51.6107301513839
96.1200000000000	51.6282679438941
96.1600000000000	51.6457912026047
96.2000000000000	51.6632999406075
96.2400000000000	51.6807941709843
96.2800000000000	51.6982739068069
96.3200000000000	51.7157391611373
96.3600000000000	51.7331899470271
96.4000000000000	51.7506262775183
96.4400000000000	51.7680481656427
96.4800000000000	51.7854556244224
96.5200000000000	51.8028486668692
96.5600000000000	51.8202273059851
96.6000000000000	51.8375915547622
96.6400000000000	51.8549414261825
96.6800000000000	51.8722769332181
96.7200000000000	51.8895980888313
96.7600000000000	51.9069049059743
96.8000000000000	51.9241973975893
96.8400000000000	51.9414755766089
96.8800000000000	51.9587394559554
96.9200000000000	51.9759890485413
96.9600000000000	51.9932243672693
97	52.0104454250321
97.0400000000000	52.0276522347125
97.0800000000000	52.0448448091834
97.1200000000000	52.0620231613078
97.1600000000000	52.0791873039388
97.2000000000000	52.0963372499197
97.2400000000000	52.1134730120838
97.2800000000000	52.1305946032545
97.3200000000000	52.1477020362455
97.3600000000000	52.1647953238606
97.4000000000000	52.1818744788935
97.4400000000000	52.1989395141283
97.4800000000000	52.2159904423391
97.5200000000000	52.2330272762903
97.5600000000000	52.2500500287364
97.6000000000000	52.2670587124219
97.6400000000000	52.2840533400817
97.6800000000000	52.3010339244407
97.7200000000000	52.3180004782140
97.7600000000000	52.3349530141071
97.8000000000000	52.3518915448154
97.8400000000000	52.3688160830246
97.8800000000000	52.3857266414106
97.9200000000000	52.4026232326395
97.9600000000000	52.4195058693676
98	52.4363745642414
98.0400000000000	52.4532293298977
98.0800000000000	52.4700701789634
98.1200000000000	52.4868971240556
98.1600000000000	52.5037101777818
98.2000000000000	52.5205093527396
98.2400000000000	52.5372946615169
98.2800000000000	52.5540661166918
98.3200000000000	52.5708237308326
98.3600000000000	52.5875675164980
98.4000000000000	52.6042974862369
98.4400000000000	52.6210136525883
98.4800000000000	52.6377160280817
98.5200000000000	52.6544046252368
98.5600000000000	52.6710794565636
98.6000000000000	52.6877405345622
98.6400000000000	52.7043878717232
98.6800000000000	52.7210214805274
98.7200000000000	52.7376413734460
98.7600000000000	52.7542475629403
98.8000000000000	52.7708400614622
98.8400000000000	52.7874188814535
98.8800000000000	52.8039840353467
98.9200000000000	52.8205355355644
98.9600000000000	52.8370733945197
99	52.8535976246159
99.0400000000000	52.8701082382466
99.0800000000000	52.8866052477958
99.1200000000000	52.9030886656379
99.1600000000000	52.9195585041377
99.2000000000000	52.9360147756501
99.2400000000000	52.9524574925205
99.2800000000000	52.9688866670849
99.3200000000000	52.9853023116692
99.3600000000000	53.0017044385901
99.4000000000000	53.0180930601545
99.4400000000000	53.0344681886595
99.4800000000000	53.0508298363930
99.5200000000000	53.0671780156330
99.5600000000000	53.0835127386480
99.6000000000000	53.0998340176968
99.6400000000000	53.1161418650288
99.6800000000000	53.1324362928836
99.7200000000000	53.1487173134913
99.7600000000000	53.1649849390725
99.8000000000000	53.1812391818383
99.8400000000000	53.1974800539898
99.8800000000000	53.2137075677191
99.9200000000000	53.2299217352084
99.9600000000000	53.2461225686305
100	53.2623100801484