0	0
3.15544362088405e-30	1.70073310424217e-29
2.66202079000041e-06	1.37190625467670e-05
1.59721247400025e-05	8.23092238015739e-05
8.25226444900128e-05	0.000425131282438472
0.000415275243240065	0.00213602779586512
0.00207903823699032	0.0106107759442135
0.0103978532057416	0.0510650967267860
0.0400000000000000	0.172494909820459
0.0800000000000000	0.294129677369708
0.120000000000000	0.382827440492141
0.134622877273679	0.409490778077384
0.149245754547358	0.433823348800303
0.160000000000000	0.451070571479252
0.200000000000000	0.514850638780497
0.240000000000000	0.578075993668671
0.280000000000000	0.640981981141045
0.320000000000000	0.703633840217739
0.360000000000000	0.766193104208823
0.400000000000000	0.830516263291621
0.440000000000000	0.898986493338642
0.480000000000000	0.973550313424878
0.520000000000000	1.05577042425551
0.560000000000000	1.14684694552913
0.600000000000000	1.24763144359199
0.640000000000000	1.35864789276548
0.680000000000000	1.48012587954081
0.720000000000000	1.61204114936721
0.760000000000000	1.75390124892771
0.800000000000000	1.90513455745960
0.840000000000000	2.06521106470958
0.880000000000000	2.23354197790666
0.920000000000000	2.40951339374303
0.960000000000000	2.59251098064805
1	2.78193673323949
1.04000000000000	2.97721478411166
1.08000000000000	3.17726118378764
1.12000000000000	3.38139339184724
1.16000000000000	3.58923012867665
1.20000000000000	3.80039039516017
1.24000000000000	4.01450334247398
1.28000000000000	4.23121400678320
1.32000000000000	4.45003614817661
1.36000000000000	4.66992961449576
1.40000000000000	4.89059862501788
1.44000000000000	5.11264271136599
1.48000000000000	5.33687546443915
1.52000000000000	5.56379036529550
1.56000000000000	5.79364744424083
1.60000000000000	6.02653950906598
1.64000000000000	6.26195821607205
1.68000000000000	6.49974060095813
1.72000000000000	6.73991607251972
1.76000000000000	6.98243553102687
1.80000000000000	7.22745420033901
1.84000000000000	7.47536389338902
1.88000000000000	7.72640714541990
1.92000000000000	7.98070615161154
1.96000000000000	8.23830319463783
2	8.49875689748919
2.04000000000000	8.76183445074435
2.08000000000000	9.02770925623317
2.12000000000000	9.29645867974691
2.16000000000000	9.56810162554073
2.20000000000000	9.84270631550410
2.24000000000000	10.1204725472141
2.28000000000000	10.4014709208661
2.32000000000000	10.6856496300220
2.36000000000000	10.9728827442482
2.40000000000000	11.2630010643004
2.44000000000000	11.5556444611612
2.48000000000000	11.8501785738819
2.52000000000000	12.1429974252880
2.56000000000000	12.4249062883672
2.60000000000000	12.7016447876876
2.64000000000000	12.9765752935522
2.68000000000000	13.2513717249523
2.72000000000000	13.5267881214365
2.76000000000000	13.8032682147586
2.80000000000000	14.0808412348193
2.84000000000000	14.3595937463441
2.88000000000000	14.6397621148045
2.92000000000000	14.9214901518752
2.96000000000000	15.2048670422248
3	15.4899496769545
3.04000000000000	15.7767758287259
3.08000000000000	16.0653719311378
3.12000000000000	16.3557576737656
3.16000000000000	16.6479487164083
3.20000000000000	16.9419582921295
3.24000000000000	17.2377981537795
3.28000000000000	17.5354791589230
3.32000000000000	17.8349963481676
3.36000000000000	18.1363074531631
3.40000000000000	18.4393687592007
3.44000000000000	18.7441407087780
3.48000000000000	19.0505818250081
3.52000000000000	19.3582816907624
3.56000000000000	19.6669969419011
3.60000000000000	19.9766069027457
3.64000000000000	20.2870642286640
3.68000000000000	20.5983614496527
3.72000000000000	20.9105127593605
3.76000000000000	21.2235440595233
3.80000000000000	21.5374875191877
3.84000000000000	21.8523786029438
3.88000000000000	22.1682544499349
3.92000000000000	22.4851529922760
3.96000000000000	22.8031124784232
4	23.1221712183714
4.04000000000000	23.4423674503313
4.08000000000000	23.7637392738447
4.12000000000000	24.0863246191273
4.16000000000000	24.4101612360472
4.20000000000000	24.7352866936196
4.24000000000000	25.0617383850145
4.28000000000000	25.3895535353254
4.32000000000000	25.7187464328379
4.36000000000000	26.0490100749520
4.40000000000000	26.3801099151837
4.44000000000000	26.7112033401142
4.48000000000000	27.0416494668666
4.52000000000000	27.3711427144181
4.56000000000000	27.6995485075025
4.60000000000000	28.0268193567525
4.64000000000000	28.3529518995116
4.68000000000000	28.6779649301005
4.72000000000000	29.0018881651892
4.76000000000000	29.3247564996464
4.80000000000000	29.6466070730152
4.84000000000000	29.9673160602283
4.88000000000000	30.2862831278073
4.92000000000000	30.6030989417701
4.96000000000000	30.9175701140173
5	31.2296151123972
5.04000000000000	31.5392101007000
5.08000000000000	31.8463608122369
5.12000000000000	32.1510879499161
5.16000000000000	32.4532217369496
5.20000000000000	32.7527137118185
5.24000000000000	33.0493806886579
5.28000000000000	33.3429554594605
5.32000000000000	33.6339246090224
5.36000000000000	33.9226588142055
5.40000000000000	34.2092582100447
5.44000000000000	34.4937621403887
5.48000000000000	34.7763265279164
5.52000000000000	35.0571228988466
5.56000000000000	35.3359937759787
5.60000000000000	35.6128912195206
5.64000000000000	35.8880803486947
5.68000000000000	36.1617862321556
5.72000000000000	36.4344564782341
5.76000000000000	36.7061277533230
5.80000000000000	36.9768187699055
5.84000000000000	37.2464373101296
5.88000000000000	37.5153734254441
5.92000000000000	37.7839304031153
5.96000000000000	38.0522079973977
6	38.3202494743474
6.04000000000000	38.5880701339312
6.08000000000000	38.8556358677810
6.12000000000000	39.1229334622891
6.16000000000000	39.3899593157855
6.20000000000000	39.6562676154685
6.24000000000000	39.9216710866879
6.28000000000000	40.1865421769639
6.32000000000000	40.4509760596245
6.36000000000000	40.7149987148623
6.40000000000000	40.9786184939479
6.44000000000000	41.2417765208526
6.48000000000000	41.5044190361120
6.52000000000000	41.7667306788991
6.56000000000000	42.0287629396951
6.60000000000000	42.2905281207461
6.64000000000000	42.5520298152315
6.68000000000000	42.8132696541036
6.72000000000000	43.0742488154448
6.76000000000000	43.3348488710256
6.80000000000000	43.5950394967721
6.84000000000000	43.8549249620708
6.88000000000000	44.1145258799248
6.92000000000000	44.3739175002076
6.96000000000000	44.6333237534697
7	44.8928117588096
7.04000000000000	45.1523908475289
7.08000000000000	45.4120586776096
7.12000000000000	45.6718102851280
7.16000000000000	45.9316401222710
7.20000000000000	46.1915425202018
7.24000000000000	46.4515117952058
7.28000000000000	46.7115422733780
7.32000000000000	46.9716282965529
7.36000000000000	47.2317642238782
7.40000000000000	47.4919444323674
7.44000000000000	47.7521633172087
7.48000000000000	48.0124152920152
7.52000000000000	48.2726858183864
7.56000000000000	48.5324759707865
7.60000000000000	48.7921113818870
7.64000000000000	49.0516981176767
7.68000000000000	49.3112498066296
7.72000000000000	49.5707639788249
7.76000000000000	49.8302353854550
7.80000000000000	50.0896583116587
7.84000000000000	50.3490269787415
7.88000000000000	50.8013299088761
7.92000000000000	51.1145359579572
7.96000000000000	51.3694371430542
8	51.5953877103269
8.04000000000000	51.8059735953990
8.08000000000000	52.0094960441789
8.12000000000000	52.2095046358949
8.16000000000000	52.4076712580099
8.20000000000000	52.6047388022773
8.24000000000000	52.8010305547841
8.28000000000000	52.9965702093283
8.32000000000000	53.1914863846335
8.36000000000000	53.3858691929894
8.40000000000000	53.5797573936987
8.44000000000000	53.7731690530929
8.48000000000000	53.9661138597595
8.52000000000000	54.1585980879609
8.56000000000000	54.3506606582098
8.60000000000000	54.5424314317382
8.64000000000000	54.7339147199000
8.68000000000000	54.9251076750981
8.72000000000000	55.1160106195015
8.76000000000000	55.3066251874689
8.80000000000000	55.4969535505214
8.84000000000000	55.6869980934710
8.88000000000000	55.8767422070235
8.92000000000000	56.0662021310620
8.96000000000000	56.2555287505571
9	56.4447848378173
9.04000000000000	56.6339917327203
9.08000000000000	56.8231573784413
9.12000000000000	57.0122853672666
9.16000000000000	57.2013778712370
9.20000000000000	57.3904365949917
9.24000000000000	57.5794630866269
9.28000000000000	57.7684588394697
9.32000000000000	57.9574291783801
9.36000000000000	58.1463741349609
9.40000000000000	58.3352824372761
9.44000000000000	58.5241510036673
9.48000000000000	58.7129797364808
9.52000000000000	58.9017695670747
9.56000000000000	59.0905217804089
9.60000000000000	59.2792377810922
9.64000000000000	59.4679190121488
9.68000000000000	59.6565669267629
9.72000000000000	59.8451829784520
9.76000000000000	60.0337012201486
9.80000000000000	60.2219636336226
9.84000000000000	60.4100992729550
9.88000000000000	60.5981565658432
9.92000000000000	60.7861489143832
9.96000000000000	60.9740809827386
10	61.1619552420319
10.0400000000000	61.3497736071114
10.0800000000000	61.5375378476434
10.1200000000000	61.7252496766363
10.1600000000000	61.9129107258419
10.2000000000000	62.1005226855209
10.2400000000000	62.2880872540682
10.2800000000000	62.4756061236268
10.3200000000000	62.6630809803801
10.3600000000000	62.8505135046820
10.4000000000000	63.0378669065709
10.4400000000000	63.2251684587381
10.4800000000000	63.4124566878940
10.5200000000000	63.5997378990680
10.5600000000000	63.7870118704176
10.6000000000000	63.9742769713902
10.6400000000000	64.1615312698323
10.6800000000000	64.3487727723620
10.7200000000000	64.5359994767725
10.7600000000000	64.7232093835221
10.8000000000000	64.9104004982864
10.8400000000000	65.0975708325507
10.8800000000000	65.2847184037703
10.9200000000000	65.4718412354356
10.9600000000000	65.6589373571157
11	65.8460048044964
11.0400000000000	66.0330416194174
11.0800000000000	66.2200458499087
11.1200000000000	66.4070155502263
11.1600000000000	66.5938992756960
11.2000000000000	66.7806989815862
11.2400000000000	66.9674394511900
11.2800000000000	67.1541272525932
11.3200000000000	67.3407652367063
11.3600000000000	67.5273555068632
11.4000000000000	67.7139000124078
11.4400000000000	67.9004006678712
11.4800000000000	68.0868593770426
11.5200000000000	68.2732780378937
11.5600000000000	68.4596585436341
11.6000000000000	68.6460027829796
11.6400000000000	68.8323126402609
11.6800000000000	69.0185899954980
11.7200000000000	69.2048367244685
11.7600000000000	69.3910546987727
11.8000000000000	69.5772457858993
11.8400000000000	69.7634118492891
11.8800000000000	69.9495547483995
11.9200000000000	70.1356763387674
11.9600000000000	70.3217784720725
12	70.5078629961995
12.0400000000000	70.6939317553003
12.0800000000000	70.8799865898549
12.1200000000000	71.0660293367331
12.1600000000000	71.2520618292546
12.2000000000000	71.4380858972493
12.2400000000000	71.6241033671168
12.2800000000000	71.8101160618855
12.3200000000000	71.9961258012718
12.3600000000000	72.1821344017377
12.4000000000000	72.3681436765495
12.4400000000000	72.5541554358344
12.4800000000000	72.7401714866382
12.5200000000000	72.9261915718800
12.5600000000000	73.1121754423238
12.6000000000000	73.2980759704381
12.6270222165508	73.4144002150387
12.6400000000000	73.4600192364116
12.6800000000000	73.5978451857162
12.7200000000000	73.7347016938393
12.7600000000000	74.0172088683037
12.8000000000000	74.1992473597697
12.8400000000000	74.3397104061920
12.8800000000000	74.4594030959756
12.9200000000000	74.5691650029822
12.9600000000000	74.6746401617920
13	74.7783116019070
13.0400000000000	74.8812754482624
13.0800000000000	74.9840201580532
13.1200000000000	75.0867659351888
13.1600000000000	75.1896127464949
13.2000000000000	75.2926062907008
13.2400000000000	75.3957676959302
13.2800000000000	75.4991069500445
13.3200000000000	75.6026289870406
13.3600000000000	75.7063364479266
13.4000000000000	75.8102309336401
13.4400000000000	75.9143135737517
13.4800000000000	76.0185852846258
13.5200000000000	76.1230468866191
13.5600000000000	76.2276951377141
13.6000000000000	76.3325272671371
13.6400000000000	76.4375487155556
13.6800000000000	76.5427622552164
13.7200000000000	76.6481694758080
13.7600000000000	76.7537714843138
13.8000000000000	76.8595691912067
13.8400000000000	76.9655636332144
13.8800000000000	77.0717564168169
13.9200000000000	77.1781482084189
13.9600000000000	77.2847388873979
14	77.3915170921399
14.0400000000000	77.4984285473002
14.0800000000000	77.6054366309673
14.1200000000000	77.7125270370228
14.1600000000000	77.8196944764326
14.2000000000000	77.9269373407235
14.2400000000000	78.0342555239914
14.2800000000000	78.1416495339138
14.3200000000000	78.2491201288015
14.3600000000000	78.3566681693719
14.4000000000000	78.4642945581980
14.4400000000000	78.5720002149703
14.4800000000000	78.6797860663919
14.5200000000000	78.7876530420559
14.5600000000000	78.8956020727683
14.6000000000000	79.0036340898721
14.6400000000000	79.1117500249801
14.6800000000000	79.2199508098761
14.7200000000000	79.3282373764837
14.7600000000000	79.4366106568641
14.8000000000000	79.5450715832242
14.8400000000000	79.6536210879306
14.8800000000000	79.7622601035241
14.9200000000000	79.8709895627364
14.9600000000000	79.9798103985052
15	80.0887235439914
15.0400000000000	80.1977299325944
15.0800000000000	80.3068304979683
15.1200000000000	80.4160261740382
15.1600000000000	80.5253178950156
15.2000000000000	80.6347065954143
15.2400000000000	80.7441932100664
15.2800000000000	80.8537786741372
15.3200000000000	80.9634639231412
15.3600000000000	81.0732498929574
15.4000000000000	81.1831375198445
15.4400000000000	81.2931277404560
15.4800000000000	81.4032214918556
15.5200000000000	81.5134197115322
15.5600000000000	81.6237267446687
15.6000000000000	81.7341581624411
15.6400000000000	81.8447156575465
15.6800000000000	81.9553994391710
15.7200000000000	82.0662101042769
15.7600000000000	82.1771484136918
15.8000000000000	82.2882151978985
15.8400000000000	82.3994113173915
15.8800000000000	82.5107376459942
15.9200000000000	82.6221950638409
15.9600000000000	82.7337844544277
16	82.8455067033766
16.0400000000000	82.9573626979213
16.0800000000000	83.0693527164548
16.1200000000000	83.1814619704650
16.1600000000000	83.2936668314664
16.2000000000000	83.4059564823193
16.2400000000000	83.5183265892661
16.2800000000000	83.6307755542816
16.3200000000000	83.7433029336606
16.3600000000000	83.8559087707428
16.4000000000000	83.9685933143375
16.4400000000000	84.0813568998927
16.4800000000000	84.1941998993388
16.5200000000000	84.3071226999165
16.5600000000000	84.4201256952390
16.6000000000000	84.5332092815199
16.6400000000000	84.6463738559805
16.6800000000000	84.7596198161795
16.7200000000000	84.8729475597309
16.7600000000000	84.9863574841865
16.8000000000000	85.0998499869874
16.8346294383459	85.1857443924642
16.8400000000000	85.1979808234441
16.8668528082705	85.2564014197573
16.8800000000000	85.2839824388429
16.9200000000000	85.3661806282476
16.9600000000000	85.4474319950840
17	85.5284909091163
17.0400000000000	85.6095701600656
17.0800000000000	85.6907301144408
17.1200000000000	85.7719878243119
17.1600000000000	85.8533480018667
17.2000000000000	85.9348118424085
17.2400000000000	86.0163795391627
17.2800000000000	86.0980509999605
17.3200000000000	86.1798260514079
17.3600000000000	86.2617044970243
17.4000000000000	86.3436861337907
17.4400000000000	86.4257707568577
17.4800000000000	86.5079581608852
17.5200000000000	86.5902481404228
17.5600000000000	86.6726404900190
17.6000000000000	86.7551350042518
17.6400000000000	86.8377314777383
17.6800000000000	86.9204297051374
17.7200000000000	87.0032284381028
17.7600000000000	87.0861259781731
17.8000000000000	87.1691256741999
17.8400000000000	87.2522284703393
17.8800000000000	87.3354344410382
17.9200000000000	87.4187434587251
17.9600000000000	87.5021553489277
18	87.5856699262951
18.0400000000000	87.6692870029609
18.0800000000000	87.7530063904834
18.1200000000000	87.8368279002961
18.1600000000000	87.9207513438128
18.2000000000000	88.0047765324514
18.2400000000000	88.0889032776405
18.2800000000000	88.1731313908206
18.3200000000000	88.2574606834447
18.3600000000000	88.3418909669789
18.4000000000000	88.4264220529028
18.4400000000000	88.5110537527094
18.4800000000000	88.5957858779059
18.5200000000000	88.6806182400137
18.5600000000000	88.7655506505688
18.6000000000000	88.8505829211224
18.6400000000000	88.9357148632405
18.6800000000000	89.0209462885051
18.7200000000000	89.1062770085139
18.7600000000000	89.1917068348810
18.8000000000000	89.2772355792369
18.8400000000000	89.3628630532290
18.8800000000000	89.4485890685219
18.9200000000000	89.5344134367978
18.9600000000000	89.6203359697566
19	89.7063564791166
19.0400000000000	89.7924747766144
19.0800000000000	89.8786906740055
19.1200000000000	89.9650039830645
19.1600000000000	90.0514145155855
19.2000000000000	90.1379220833824
19.2400000000000	90.2245264982892
19.2800000000000	90.3112275721605
19.3200000000000	90.3980251168714
19.3600000000000	90.4849189443185
19.4000000000000	90.5719026916173
19.4400000000000	90.6589587165682
19.4800000000000	90.7460810244468
19.5200000000000	90.8332685392349
19.5600000000000	90.9205213117111
19.6000000000000	91.0078396509769
19.6400000000000	91.0952239254737
19.6800000000000	91.1826745173771
19.7200000000000	91.2701918121415
19.7600000000000	91.3577761961054
19.8000000000000	91.4454280559434
19.8400000000000	91.5331477785437
19.8800000000000	91.6209357509822
19.9200000000000	91.7087923605187
19.9600000000000	91.7967179945993
20	91.8847130408587
20.0400000000000	91.9727778871235
20.0800000000000	92.0609129214157
20.1200000000000	92.1491185319554
20.1600000000000	92.2373951071646
20.2000000000000	92.3257430356699
20.2400000000000	92.4141627063059
20.2800000000000	92.5026545081185
20.3200000000000	92.5912188303678
20.3600000000000	92.6798560625316
20.4000000000000	92.7685665943083
20.4400000000000	92.8573508156202
20.4800000000000	92.9462091166167
20.5200000000000	93.0351418876773
20.5600000000000	93.1241495194149
20.6000000000000	93.2132324026788
20.6400000000000	93.3023909285580
20.6800000000000	93.3916254883840
20.7200000000000	93.4809364737345
20.7600000000000	93.5703242654533
20.8000000000000	93.6597945633726
20.8400000000000	93.7493565067546
20.8800000000000	93.8390120645170
20.9200000000000	93.9287611317136
20.9600000000000	94.0186031131490
21	94.1085372980278
21.0400000000000	94.1985629485424
21.0800000000000	94.2886793208139
21.1200000000000	94.3788856698443
21.1600000000000	94.4691812506938
21.2000000000000	94.5595653187652
21.2400000000000	94.6500371298789
21.2800000000000	94.7405959402980
21.3200000000000	94.8312410067417
21.3600000000000	94.9219715863961
21.4000000000000	95.0127869369237
21.4400000000000	95.1036863164738
21.4800000000000	95.1946689836920
21.5200000000000	95.2857341977301
21.5600000000000	95.3768812182555
21.6000000000000	95.4681093054614
21.6400000000000	95.5594177200760
21.6800000000000	95.6508057233729
21.7200000000000	95.7422725771800
21.7600000000000	95.8338175438897
21.8000000000000	95.9254398864682
21.8400000000000	96.0171388684655
21.8800000000000	96.1089137540247
21.9200000000000	96.2007638078918
21.9600000000000	96.2926882954251
22	96.3846864826049
22.0400000000000	96.4767576360430
22.0800000000000	96.5689010229923
22.1200000000000	96.6611159113561
22.1600000000000	96.7534015696977
22.2000000000000	96.8457572672501
22.2400000000000	96.9381822739250
22.2800000000000	97.0306758603224
22.3200000000000	97.1232372977403
22.3600000000000	97.2158658581835
22.4000000000000	97.3085608143735
22.4400000000000	97.4013214397575
22.4800000000000	97.4941470085178
22.5200000000000	97.5870367955811
22.5600000000000	97.6799900766278
22.6000000000000	97.7730061281013
22.6400000000000	97.8637569600926
22.6800000000000	97.9530710145674
22.7200000000000	98.0418549909149
22.7600000000000	98.1302938719761
22.8000000000000	98.2184268400430
22.8400000000000	98.3062626546431
22.8800000000000	98.3938037137904
22.9200000000000	98.4810510785810
22.9600000000000	98.5680055260253
23	98.6546677704926
23.0400000000000	98.7410385104760
23.0800000000000	98.8271184385138
23.1200000000000	98.9129082433102
23.1600000000000	98.9984086101982
23.2000000000000	99.0836202212481
23.2400000000000	99.1685437553004
23.2800000000000	99.2531798879827
23.3200000000000	99.3375292917224
23.3600000000000	99.4215926357586
23.4000000000000	99.5053705861542
23.4400000000000	99.5888638058075
23.4800000000000	99.6720729544638
23.5200000000000	99.7549986887269
23.5600000000000	99.8376416620704
23.6000000000000	99.9200025248491
23.6400000000000	100.002081924311
23.6800000000000	100.083880504605
23.7200000000000	100.165398906800
23.7600000000000	100.246637768884
23.8000000000000	100.327597725786
23.8400000000000	100.408279409382
23.8800000000000	100.488683448504
23.9200000000000	100.568810468953
23.9600000000000	100.648661093511
24	100.728235941948
24.0400000000000	100.807535631035
24.0800000000000	100.886560774552
24.1200000000000	100.965311983301
24.1600000000000	101.043789865114
24.2000000000000	101.121995024863
24.2400000000000	101.199928064472
24.2800000000000	101.277589582924
24.3200000000000	101.354980176273
24.3600000000000	101.432100437653
24.4000000000000	101.508950957288
24.4400000000000	101.585532322501
24.4800000000000	101.661845117723
24.5200000000000	101.737889924503
24.5600000000000	101.813667321519
24.6000000000000	101.889177884583
24.6400000000000	101.964422186656
24.6800000000000	102.039400797850
24.7200000000000	102.114114285444
24.7600000000000	102.188563213888
24.8000000000000	102.262748144814
24.8400000000000	102.336667992459
24.8800000000000	102.410290807016
24.9200000000000	102.483578783771
24.9600000000000	102.556521049678
25	102.629114763567
25.0400000000000	102.701359145770
25.0800000000000	102.773253951951
25.1200000000000	102.844799081639
25.1600000000000	102.915994477435
25.2000000000000	102.986838916287
25.2400000000000	103.057254388677
25.2800000000000	103.127290016368
25.3200000000000	103.196966206564
25.3600000000000	103.266286437399
25.4000000000000	103.335251225621
25.4400000000000	103.403860575514
25.4800000000000	103.472114408053
25.5200000000000	103.540012636200
25.5600000000000	103.607555178127
25.6000000000000	103.674741959529
25.6400000000000	103.741572914020
25.6800000000000	103.808047983187
25.7200000000000	103.874167116588
25.7600000000000	103.939930271735
25.8000000000000	104.005337414076
25.8400000000000	104.070388516978
25.8800000000000	104.135083561707
25.9200000000000	104.199422537411
25.9600000000000	104.263405441100
26	104.327032277628
26.0400000000000	104.390303059671
26.0800000000000	104.453217807708
26.1200000000000	104.515776550004
26.1600000000000	104.577979322585
26.2000000000000	104.639826169220
26.2400000000000	104.701317141400
26.2800000000000	104.762452298317
26.3200000000000	104.823231706842
26.3600000000000	104.883655441504
26.4000000000000	104.943723584466
26.4400000000000	105.003436225507
26.4800000000000	105.062793461998
26.5200000000000	105.121795398876
26.5600000000000	105.180442148627
26.6000000000000	105.238733831258
26.6400000000000	105.296670574276
26.6800000000000	105.354252512665
26.7200000000000	105.411479788860
26.7600000000000	105.468352552726
26.8000000000000	105.524870961530
26.8400000000000	105.581035179921
26.8800000000000	105.636845379901
26.9200000000000	105.692301740801
26.9600000000000	105.747404449261
27	105.802153699195
27.0400000000000	105.856549691773
27.0800000000000	105.910592635395
27.1200000000000	105.964282745659
27.1600000000000	106.017620245340
27.2000000000000	106.070605364362
27.2400000000000	106.123238339771
27.2800000000000	106.175519415709
27.3200000000000	106.227448843385
27.3600000000000	106.279026881048
27.4000000000000	106.330253793962
27.4400000000000	106.381129854375
27.4800000000000	106.431655341492
27.5200000000000	106.481830541448
27.5600000000000	106.531655747277
27.6000000000000	106.581131258886
27.6400000000000	106.630257383026
27.6800000000000	106.679034433260
27.7200000000000	106.727462729936
27.7600000000000	106.775542600160
27.8000000000000	106.823274377760
27.8400000000000	106.870658403262
27.8800000000000	106.917695023858
27.9200000000000	106.964384593374
27.9600000000000	107.010727472244
28	107.056724027473
28.0323058693216	107.076848122672
28.0400000000000	107.079861263223
28.0800000000000	107.090858555854
28.1200000000000	107.098461369450
28.1600000000000	107.105228424299
28.2000000000000	107.112091064746
28.2400000000000	107.119410959380
28.2800000000000	107.127331185973
28.3200000000000	107.135908235277
28.3600000000000	107.145164070973
28.4000000000000	107.155116454593
28.4400000000000	107.165797206999
28.4800000000000	107.177222925804
28.5200000000000	107.189399963856
28.5600000000000	107.202330739965
28.6000000000000	107.216016172188
28.6400000000000	107.230456606798
28.6800000000000	107.245652169364
28.7200000000000	107.261602896154
28.7600000000000	107.278308782983
28.8000000000000	107.295769803337
28.8400000000000	107.313985915219
28.8800000000000	107.332957063878
28.9200000000000	107.352683183048
28.9600000000000	107.373164195653
29	107.394400014322
29.0400000000000	107.416390541817
29.0800000000000	107.439135671439
29.1200000000000	107.462635287406
29.1600000000000	107.486889265224
29.2000000000000	107.511897472045
29.2400000000000	107.537659767015
29.2800000000000	107.564176001610
29.3200000000000	107.591446019963
29.3600000000000	107.619469659188
29.4000000000000	107.648246749684
29.4400000000000	107.677777115439
29.4800000000000	107.708060574324
29.5200000000000	107.739096938376
29.5600000000000	107.770886014077
29.6000000000000	107.803427602620
29.6400000000000	107.836721500176
29.6800000000000	107.870767498141
29.7200000000000	107.905565383394
29.7600000000000	107.941114938528
29.8000000000000	107.977415942091
29.8400000000000	108.014468168811
29.8800000000000	108.052271389820
29.9200000000000	108.090825372865
29.9600000000000	108.130129882524
30	108.170184680406
30.0400000000000	108.210989525353
30.0800000000000	108.252544173628
30.1200000000000	108.294848379108
30.1600000000000	108.337899177754
30.2000000000000	108.381590958457
30.2400000000000	108.425774261612
30.2800000000000	108.470409623766
30.3200000000000	108.515488513000
30.3600000000000	108.561009623920
30.4000000000000	108.606973334935
30.4400000000000	108.653380419129
30.4800000000000	108.700231746001
30.5200000000000	108.747528212847
30.5600000000000	108.795270729098
30.6000000000000	108.843460212798
30.6400000000000	108.892097589863
30.6800000000000	108.941183793964
30.7200000000000	108.990719766551
30.7600000000000	109.040706456914
30.8000000000000	109.091144822247
30.8400000000000	109.142035827713
30.8800000000000	109.193380446514
30.9200000000000	109.245179659953
30.9600000000000	109.297434457505
31	109.350145836879
31.0400000000000	109.403314804087
31.0800000000000	109.456942373509
31.1200000000000	109.511029567958
31.1600000000000	109.565577418747
31.2000000000000	109.620586965753
31.2400000000000	109.676059266074
31.2800000000000	109.731984465834
31.3200000000000	109.788339844222
31.3600000000000	109.845118210769
31.4000000000000	109.902317262786
31.4400000000000	109.959935655586
31.4800000000000	110.017972230338
31.5200000000000	110.076425863037
31.5600000000000	110.135295435103
31.6000000000000	110.194579827695
31.6400000000000	110.254277920619
31.6800000000000	110.314388592128
31.7200000000000	110.374910718892
31.7600000000000	110.435843176006
31.8000000000000	110.497184836991
31.8400000000000	110.558934573815
31.8800000000000	110.621091256896
31.9200000000000	110.683653755119
31.9600000000000	110.746610539509
32	110.809842297091
32.0400000000000	110.873269157862
32.0800000000000	110.936878101591
32.1200000000000	111.000667182480
32.1600000000000	111.064636479082
32.2000000000000	111.128786441419
32.2400000000000	111.193117589141
32.2800000000000	111.257630456449
32.3200000000000	111.322325582057
32.3600000000000	111.387203507377
32.4000000000000	111.452264776188
32.4400000000000	111.517509934588
32.4800000000000	111.582939530988
32.5200000000000	111.648554116124
32.5600000000000	111.714354243057
32.6000000000000	111.780340467191
32.6400000000000	111.846513346273
32.6800000000000	111.912873440406
32.7200000000000	111.979421312060
32.7600000000000	112.046157526074
32.8000000000000	112.113082649670
32.8400000000000	112.180197252462
32.8800000000000	112.247501906460
32.9200000000000	112.314997186086
32.9600000000000	112.382683668175
33	112.450561931990
33.0400000000000	112.518626530352
33.0800000000000	112.586872067632
33.1200000000000	112.655299164212
33.1600000000000	112.723908431320
33.2000000000000	112.792700480418
33.2400000000000	112.861675924895
33.2800000000000	112.930835380369
33.3200000000000	113.000179464756
33.3600000000000	113.069708798284
33.4000000000000	113.139424003511
33.4400000000000	113.209325705330
33.4800000000000	113.279414530978
33.5200000000000	113.349691110051
33.5600000000000	113.420156074511
33.6000000000000	113.490810058695
33.6400000000000	113.561653699326
33.6800000000000	113.632687635523
33.7200000000000	113.703912508812
33.7600000000000	113.775334714687
33.8000000000000	113.846977962019
33.8400000000000	113.918851748028
33.8800000000000	113.990956247776
33.9200000000000	114.063290680336
33.9600000000000	114.135854095699
34	114.208645513648
34.0400000000000	114.281663948240
34.0800000000000	114.354908412129
34.1200000000000	114.428377917333
34.1600000000000	114.502071475382
34.2000000000000	114.575988097352
34.2400000000000	114.650126793881
34.2800000000000	114.724486575182
34.3200000000000	114.799066451057
34.3600000000000	114.873865430905
34.4000000000000	114.948882523739
34.4400000000000	115.024116738199
34.4800000000000	115.099567082558
34.5200000000000	115.175232564741
34.5600000000000	115.251112192337
34.6000000000000	115.327204972607
34.6400000000000	115.403509912502
34.6800000000000	115.480026018671
34.7200000000000	115.556752297479
34.7600000000000	115.633687755015
34.7879477840382	115.687565743170
34.8000000000000	115.710831392474
34.8111282219272	115.725744283386
34.8400000000000	115.741986257870
34.8800000000000	115.744599261272
34.9200000000000	115.738453314334
34.9600000000000	115.728282806672
35	115.715793981739
35.0400000000000	115.701693556995
35.0800000000000	115.686296429739
35.1200000000000	115.669749680270
35.1600000000000	115.652125034355
35.2000000000000	115.633459421300
35.2400000000000	115.613773406050
35.2800000000000	115.593079762701
35.3200000000000	115.571387532378
35.3600000000000	115.548703972357
35.4000000000000	115.525035505325
35.4400000000000	115.500388188327
35.4800000000000	115.474767948206
35.5200000000000	115.448180702277
35.5600000000000	115.420632421982
35.6000000000000	115.392129167969
35.6400000000000	115.362677110721
35.6800000000000	115.332282543858
35.7200000000000	115.300951713945
35.7600000000000	115.268681518233
35.8000000000000	115.235457705735
35.8400000000000	115.201272605749
35.8800000000000	115.166123406832
35.9200000000000	115.130010133248
35.9600000000000	115.092934516354
36	115.054899362399
36.0400000000000	115.015908198185
36.0800000000000	114.975965073918
36.1200000000000	114.935074456099
36.1600000000000	114.893241172720
36.2000000000000	114.850470389408
36.2400000000000	114.806767604328
36.2800000000000	114.762138654824
36.3200000000000	114.716589731715
36.3600000000000	114.670127398892
36.4000000000000	114.622758616809
36.4400000000000	114.574491388172
36.4800000000000	114.525343407877
36.5200000000000	114.475337640872
36.5600000000000	114.424494688919
36.6000000000000	114.372833490119
36.6400000000000	114.320372006659
36.6800000000000	114.267127676817
36.7200000000000	114.213117714341
36.7600000000000	114.158359307743
36.8000000000000	114.102869753084
36.8400000000000	114.046666541875
36.8800000000000	113.989778147400
36.9200000000000	113.932277274935
36.9600000000000	113.874232409418
37	113.815694462189
37.0400000000000	113.756701937963
37.0800000000000	113.697284445990
37.1200000000000	113.637465140638
37.1600000000000	113.577262450029
37.2000000000000	113.516691320006
37.2400000000000	113.455764121577
37.2800000000000	113.394491320783
37.3200000000000	113.332881978449
37.3600000000000	113.270944126633
37.4000000000000	113.208684828791
37.4400000000000	113.146107714842
37.4800000000000	113.083215267305
37.5200000000000	113.020010838770
37.5600000000000	112.956498547621
37.6000000000000	112.892683185887
37.6400000000000	112.828570146686
37.6800000000000	112.764165366857
37.7200000000000	112.699475281236
37.7600000000000	112.634506785790
37.8000000000000	112.569267207370
37.8400000000000	112.503764278272
37.8800000000000	112.438006114151
37.9200000000000	112.372001194101
37.9600000000000	112.305758341908
38	112.239286707680
38.0400000000000	112.172595749160
38.0800000000000	112.105695262303
38.1200000000000	112.038596669679
38.1600000000000	111.971312949603
38.2000000000000	111.903856449035
38.2400000000000	111.836238882612
38.2800000000000	111.768471477031
38.3200000000000	111.700565082700
38.3600000000000	111.632530259022
38.4000000000000	111.564377338149
38.4400000000000	111.496116470942
38.4800000000000	111.427757658019
38.5200000000000	111.359310768840
38.5600000000000	111.290785419916
38.6000000000000	111.222190902369
38.6400000000000	111.153536514337
38.6800000000000	111.084831537378
38.7200000000000	111.016085176624
38.7600000000000	110.947306501737
38.8000000000000	110.878504388913
38.8400000000000	110.809687472650
38.8800000000000	110.740864318220
38.9200000000000	110.672043283798
38.9600000000000	110.603232039609
39	110.534437598083
39.0400000000000	110.465666733449
39.0800000000000	110.396926699695
39.1200000000000	110.328223644020
39.1600000000000	110.259562490955
39.2000000000000	110.190947059293
39.2400000000000	110.122380301644
39.2800000000000	110.053864500890
39.3200000000000	109.985401420018
39.3600000000000	109.916992417046
39.4000000000000	109.848638533636
39.4400000000000	109.780340563722
39.4800000000000	109.712099106881
39.5200000000000	109.643914613592
39.5600000000000	109.575788118274
39.6000000000000	109.507720192719
39.6400000000000	109.439710770742
39.6800000000000	109.371759748219
39.7200000000000	109.303867021244
39.7600000000000	109.236032486132
39.8000000000000	109.168256039415
39.8400000000000	109.100537577845
39.8800000000000	109.032876998391
39.9200000000000	108.965274198238
39.9600000000000	108.897729074790
40	108.830241525665
40.0400000000000	108.762811448697
40.0800000000000	108.695438741934
40.1200000000000	108.628123303640
40.1600000000000	108.560865032291
40.2000000000000	108.493663826576
40.2400000000000	108.426519585399
40.2800000000000	108.359432207872
40.3200000000000	108.292401593322
40.3600000000000	108.225427641285
40.4000000000000	108.158510251507
40.4400000000000	108.091649323945
40.4800000000000	108.024844758763
40.5200000000000	107.958096456337
40.5600000000000	107.891404317248
40.6000000000000	107.824768242285
40.6400000000000	107.758188132445
40.6800000000000	107.691663888931
40.7200000000000	107.625195413152
40.7600000000000	107.558782606720
40.8000000000000	107.492425371456
40.8400000000000	107.426123609381
40.8800000000000	107.359877222723
40.9200000000000	107.293686113911
40.9600000000000	107.227550185576
41	107.161469340555
41.0400000000000	107.095443481881
41.0800000000000	107.029472512793
41.1200000000000	106.963556336727
41.1600000000000	106.897694857320
41.2000000000000	106.831887978409
41.2400000000000	106.766135604030
41.2800000000000	106.700437638416
41.3200000000000	106.634793985999
41.3600000000000	106.569204551408
41.4000000000000	106.503669239468
41.4400000000000	106.438187955202
41.4800000000000	106.372760603827
41.5200000000000	106.307387090756
41.5600000000000	106.242067321598
41.6000000000000	106.176801202153
41.6400000000000	106.111588638419
41.6800000000000	106.046429536582
41.7200000000000	105.981323803027
41.7600000000000	105.916271344325
41.8000000000000	105.851272067242
41.8400000000000	105.786325878736
41.8800000000000	105.721432685953
41.9200000000000	105.656592396231
41.9600000000000	105.591804917097
42	105.527070156269
42.0400000000000	105.462388021650
42.0800000000000	105.397758421335
42.1200000000000	105.333181263604
42.1600000000000	105.268656456926
42.2000000000000	105.204183909957
42.2400000000000	105.139763531536
42.2800000000000	105.075395230693
42.3200000000000	105.011078916638
42.3600000000000	104.946814498770
42.4000000000000	104.882601886671
42.4400000000000	104.818440990104
42.4800000000000	104.754331719020
42.5200000000000	104.690273983551
42.5600000000000	104.626267694010
42.6000000000000	104.562312760894
42.6400000000000	104.498409094880
42.6800000000000	104.434556606828
42.7200000000000	104.370755207776
42.7600000000000	104.307004808943
42.8000000000000	104.243305321730
42.8400000000000	104.179656657714
42.8800000000000	104.116058728651
42.9200000000000	104.052511446477
42.9600000000000	103.989014723306
43	103.925568471426
43.0400000000000	103.862172603305
43.0800000000000	103.798827031587
43.1200000000000	103.735531669090
43.1600000000000	103.672286428810
43.2000000000000	103.609091223917
43.2400000000000	103.545945967756
43.2800000000000	103.482850573844
43.3200000000000	103.419804955875
43.3600000000000	103.356809027714
43.4000000000000	103.293862703399
43.4400000000000	103.230965897142
43.4800000000000	103.168118523325
43.5200000000000	103.105320496503
43.5600000000000	103.042571731400
43.6000000000000	102.979872142914
43.6400000000000	102.917221646109
43.6800000000000	102.854620156222
43.7200000000000	102.792067588657
43.7600000000000	102.729563858990
43.8000000000000	102.667108882962
43.8400000000000	102.604702576484
43.8800000000000	102.542344855634
43.9200000000000	102.480035636658
43.9600000000000	102.417774835967
44	102.355562370139
44.0400000000000	102.293398155919
44.0800000000000	102.231282110216
44.1200000000000	102.169214150105
44.1600000000000	102.107194192826
44.2000000000000	102.045222155782
44.2400000000000	101.983297956539
44.2800000000000	101.921421512830
44.3200000000000	101.859592742547
44.3600000000000	101.797811563747
44.4000000000000	101.736077894648
44.4400000000000	101.674391653629
44.4800000000000	101.612752759233
44.5200000000000	101.551161130162
44.5600000000000	101.489616685278
44.6000000000000	101.428119343604
44.6400000000000	101.366669024323
44.6800000000000	101.305265646777
44.7200000000000	101.243909130466
44.7600000000000	101.182599395049
44.8000000000000	101.121336360344
44.8400000000000	101.060119946325
44.8800000000000	100.998950073125
44.9200000000000	100.937826661034
44.9600000000000	100.876749630495
45	100.815718902113
45.0400000000000	100.754734396643
45.0800000000000	100.693796034998
45.1200000000000	100.632903738246
45.1600000000000	100.572057427610
45.2000000000000	100.511257024466
45.2400000000000	100.450502450343
45.2800000000000	100.389793626925
45.3200000000000	100.329130476050
45.3600000000000	100.268512919705
45.4000000000000	100.207940880032
45.4400000000000	100.147414279325
45.4800000000000	100.086933040027
45.5200000000000	100.026497084736
45.5600000000000	99.9661063361959
45.6000000000000	99.9057607173051
45.6400000000000	99.8454601511098
45.6800000000000	99.7852045608063
45.7200000000000	99.7249938697402
45.7600000000000	99.6648280014058
45.8000000000000	99.6047068794458
45.8400000000000	99.5446304276513
45.8800000000000	99.4845985699607
45.9200000000000	99.4246112304601
45.9600000000000	99.3646683333825
46	99.3047698031074
46.0400000000000	99.2449155641608
46.0800000000000	99.1851055412144
46.1200000000000	99.1253396590854
46.1600000000000	99.0656178427364
46.2000000000000	99.0059400172746
46.2400000000000	98.9463061079518
46.2800000000000	98.8867160401639
46.3200000000000	98.8271697394503
46.3600000000000	98.7676671314941
46.4000000000000	98.7082081421212
46.4400000000000	98.6487926973003
46.4800000000000	98.5894207231424
46.5200000000000	98.5300921459004
46.5600000000000	98.4708068919689
46.6000000000000	98.4115648878838
46.6400000000000	98.3523660603218
46.6800000000000	98.2932103361002
46.7200000000000	98.2340976421766
46.7600000000000	98.1750279056484
46.8000000000000	98.1160010537526
46.8400000000000	98.0570170138653
46.8800000000000	97.9980757135016
46.9200000000000	97.9391770803149
46.9600000000000	97.8803210420970
47	97.8215075267773
47.0400000000000	97.7627364624228
47.0800000000000	97.7040077772377
47.1200000000000	97.6453213995629
47.1600000000000	97.5866772578757
47.2000000000000	97.5280752807899
47.2400000000000	97.4695153970547
47.2800000000000	97.4109975355550
47.3200000000000	97.3525216253107
47.3600000000000	97.2940875954768
47.4000000000000	97.2356953753424
47.4400000000000	97.1773448943309
47.4800000000000	97.1190360819996
47.5200000000000	97.0607688680393
47.5600000000000	97.0025431822738
47.6000000000000	96.9443589546599
47.6400000000000	96.8862161152870
47.6800000000000	96.8281145943764
47.7200000000000	96.7700543222815
47.7600000000000	96.7120352294872
47.8000000000000	96.6540572466097
47.8400000000000	96.5961203043959
47.8800000000000	96.5382243337235
47.9200000000000	96.4803692656004
47.9600000000000	96.4225550311646
48	96.3647815616833
48.0400000000000	96.3070487885536
48.0800000000000	96.2493566433012
48.1200000000000	96.1917050575808
48.1600000000000	96.1340939631751
48.2000000000000	96.0765232919952
48.2400000000000	96.0189929760799
48.2800000000000	95.9615029475954
48.3200000000000	95.9040531388351
48.3600000000000	95.8466434822190
48.4000000000000	95.7892739102941
48.4400000000000	95.7319443557332
48.4800000000000	95.6746547513352
48.5200000000000	95.6174050300246
48.5600000000000	95.5601951248511
48.6000000000000	95.5030249689895
48.6400000000000	95.4458944957395
48.6800000000000	95.3888036385248
48.7200000000000	95.3317523308934
48.7600000000000	95.2747405065173
48.8000000000000	95.2177680991916
48.8400000000000	95.1608350428350
48.8800000000000	95.1039412714888
48.9200000000000	94.8387399106490
48.9600000000000	94.3289584235779
49	93.8196653709501
49.0400000000000	93.3108578713482
49.0800000000000	92.8025330529428
49.1200000000000	92.2946880534230
49.1600000000000	91.7873200199276
49.2000000000000	91.2804261089768
49.2400000000000	90.7740034864044
49.2800000000000	90.2680493272904
49.3200000000000	89.7625608158938
49.3600000000000	89.2575351455864
49.4000000000000	88.7529695187865
49.4400000000000	88.2488611468936
49.4800000000000	87.7452072502227
49.5200000000000	87.2420050579403
49.5600000000000	86.7392518079995
49.6000000000000	86.2369447470763
49.6400000000000	85.7350811305065
49.6800000000000	85.2336582222224
49.7200000000000	84.7326732946907
49.7600000000000	84.2321236288500
49.8000000000000	83.7320065140493
49.8400000000000	83.2323192479873
49.8800000000000	82.7330591366509
49.9200000000000	82.2342234942556
49.9600000000000	81.7358096431853
50	81.2378149139328
50.0400000000000	80.7402366450415
50.0800000000000	80.2430721830462
50.1200000000000	79.7463188824155
50.1600000000000	79.2499741054943
50.2000000000000	78.7540352224462
50.2400000000000	78.2584996111977
50.2800000000000	77.7633646573812
50.3200000000000	77.2686277542799
50.3600000000000	76.7742863027724
50.4000000000000	76.2803377112778
50.4400000000000	75.7867793957020
50.4800000000000	75.2936087793835
50.5200000000000	74.8008232930405
50.5600000000000	74.3084203747181
50.6000000000000	73.8163974697360
50.6400000000000	73.3247520306372
50.6800000000000	72.8334815171367
50.7200000000000	72.3425833960711
50.7600000000000	71.8520551413484
50.8000000000000	71.3618942338990
50.8400000000000	70.8720981616269
50.8800000000000	70.3826644193614
50.9200000000000	69.8935905088094
50.9600000000000	69.4048739385090
51	68.9165122237833
51.0400000000000	68.4285028866945
51.0800000000000	67.9408434559993
51.1200000000000	67.4535314671052
51.1600000000000	66.9665644620270
51.2000000000000	66.4799399893442
51.2400000000000	65.9936556041596
51.2800000000000	65.5077088680588
51.3200000000000	65.0220973490699
51.3600000000000	64.5368186216248
51.4000000000000	64.0518702665215
51.4400000000000	63.5672498708870
51.4800000000000	63.0829550281418
51.5200000000000	62.5989833379653
51.5600000000000	62.1153324062621
51.6000000000000	61.6319998451303
51.6400000000000	61.1489832728304
51.6800000000000	60.6662803137564
51.7200000000000	60.1838885984077
51.7600000000000	59.7018057633630
51.8000000000000	59.2200294512555
51.8400000000000	58.7385573107512
51.8800000000000	58.2573869965270
51.9200000000000	57.7765161692526
51.9600000000000	57.2959424955741
52	56.8156636480997
52.0400000000000	56.3356773053884
52.0800000000000	55.8559811519408
52.1200000000000	55.3765728781933
52.1600000000000	54.8974501805156
52.2000000000000	54.4186107612109
52.2400000000000	53.9400523285202
52.2800000000000	53.4617725966305
52.3200000000000	52.9837692856874
52.3600000000000	52.5060401218118
52.4000000000000	52.0285828371223
52.4400000000000	51.5513951697623
52.4800000000000	51.0744748639336
52.5200000000000	50.5978196699363
52.5600000000000	50.1214273442153
52.6000000000000	49.6452956494151
52.6400000000000	49.1694223544422
52.6800000000000	48.6938052345377
52.7200000000000	48.2184420713587
52.7600000000000	47.7433306530721
52.8000000000000	47.2684687744591
52.8400000000000	46.7938542370344
52.8800000000000	46.3194848491793
52.9200000000000	45.8453584262910
52.9600000000000	45.3714727909509
53	44.8978257731118
53.0400000000000	44.4244152103081
53.0800000000000	43.9512389478898
53.1200000000000	43.4782948392848
53.1600000000000	43.0055807462920
53.2000000000000	42.5330945394074
53.2400000000000	42.0608340981902
53.2800000000000	41.5887973116712
53.3200000000000	41.1169820788100
53.3600000000000	40.6453863090064
53.4000000000000	40.1740079226745
53.4400000000000	39.7028448518859
53.4800000000000	39.2318950410924
53.5200000000000	38.7611564479397
53.5600000000000	38.2906270441825
53.6000000000000	37.8203048167186
53.6400000000000	37.3501877687569
53.6800000000000	36.8802739211407
53.7200000000000	36.4105613138491
53.7600000000000	35.9410480077047
53.8000000000000	35.4717320863208
53.8400000000000	35.0026116583263
53.8800000000000	34.5336848599152
53.9200000000000	34.0649498577765
53.9600000000000	33.5964048524710
54	33.1279872949402
54.0400000000000	32.6597525380711
54.0800000000000	32.1916985734136
54.1200000000000	31.7238234057368
54.1600000000000	31.2561250541101
54.2000000000000	30.7886015531337
54.2400000000000	30.3212509543461
54.2800000000000	29.8540713278357
54.3200000000000	29.3870607640908
54.3600000000000	28.9202173761313
54.4000000000000	28.4535393019694
54.4400000000000	28.3990334707601
54.4800000000000	28.3858560303517
54.5200000000000	28.3726822289812
54.5600000000000	28.3595120642333
54.6000000000000	28.3463455336954
54.6400000000000	28.3331826349573
54.6800000000000	28.3200233656112
54.7200000000000	28.3068677232519
54.7600000000000	28.2937157054768
54.8000000000000	28.2805673098855
54.8400000000000	28.2674225340804
54.8800000000000	28.2542813756661
54.9200000000000	28.2411438322499
54.9600000000000	28.2280099014416
55	28.2148795808532
55.0400000000000	28.2017528680996
55.0800000000000	28.1886297607978
55.1200000000000	28.1755102565676
55.1600000000000	28.1623943530311
55.2000000000000	28.1492820478130
55.2400000000000	28.1361733385403
55.2800000000000	28.1230682228426
55.3200000000000	28.1099666983520
55.3600000000000	28.0968687627032
55.4000000000000	28.0837744135330
55.4400000000000	28.0706836484811
55.4800000000000	28.0575964651895
55.5200000000000	28.0445128613026
55.5600000000000	28.0314328344674
55.6000000000000	28.0183563823333
55.6400000000000	28.0052835025523
55.6800000000000	27.9922141927787
55.7200000000000	27.9791484506694
55.7600000000000	27.9660862738838
55.8000000000000	27.9530276600836
55.8400000000000	27.9399726069333
55.8800000000000	27.9269211120994
55.9200000000000	27.9138731732513
55.9600000000000	27.9008287880608
56	27.8877879542019
56.0400000000000	27.8747506693513
56.0800000000000	27.8617169311883
56.1200000000000	27.8486867373943
56.1600000000000	27.8356600856535
56.2000000000000	27.8226369736524
56.2400000000000	27.8096173990800
56.2800000000000	27.7966013596279
56.3200000000000	27.7835888529899
56.3600000000000	27.7705798768626
56.4000000000000	27.7575744289447
56.4400000000000	27.7445725069377
56.4800000000000	27.7315741085454
56.5200000000000	27.7185792314741
56.5600000000000	27.7055878734326
56.6000000000000	27.6926000321320
56.6400000000000	27.6796157052862
56.6800000000000	27.6666348906112
56.7200000000000	27.6536575858257
56.7600000000000	27.6406837886508
56.8000000000000	27.6277134968101
56.8400000000000	27.6147467080296
56.8800000000000	27.6017834200377
56.9200000000000	27.5888236305655
56.9600000000000	27.5758673373464
57	27.5629145381162
57.0400000000000	27.5499652306134
57.0800000000000	27.5370194125787
57.1200000000000	27.5240770817553
57.1600000000000	27.5111382358891
57.2000000000000	27.4982028727283
57.2400000000000	27.4852709900235
57.2800000000000	27.4723425855279
57.3200000000000	27.4594176569970
57.3600000000000	27.4464962021889
57.4000000000000	27.4335782188641
57.4400000000000	27.4206637047856
57.4800000000000	27.4077526577189
57.5200000000000	27.3948450754319
57.5600000000000	27.3819409556948
57.6000000000000	27.3690402962806
57.6400000000000	27.3561430949645
57.6800000000000	27.3432493495244
57.7200000000000	27.3303590577403
57.7600000000000	27.3174722173950
57.8000000000000	27.3045888262736
57.8400000000000	27.2917088821637
57.8800000000000	27.2788323828553
57.9200000000000	27.2659593261411
57.9600000000000	27.2530897098159
58	27.2402235316773
58.0400000000000	27.2273607895250
58.0800000000000	27.2145014811615
58.1200000000000	27.2016456043916
58.1600000000000	27.1887931570226
58.2000000000000	27.1759441368642
58.2400000000000	27.1630985417287
58.2800000000000	27.1502563694307
58.3200000000000	27.1374176177873
58.3600000000000	27.1245822846182
58.4000000000000	27.1117503677453
58.4400000000000	27.0989218649933
58.4800000000000	27.0860967741891
58.5200000000000	27.0732750931621
58.5600000000000	27.0604568197442
58.6000000000000	27.0476419517699
58.6400000000000	27.0348304870758
58.6800000000000	27.0220224235015
58.7200000000000	27.0092177588885
58.7600000000000	26.9964164910811
58.8000000000000	26.9836186179259
58.8400000000000	26.9708241372722
58.8800000000000	26.9580330469716
58.9200000000000	26.9452453448780
58.9600000000000	26.9324610288481
59	26.9196800967408
59.0400000000000	26.9069025464177
59.0800000000000	26.8941283757425
59.1200000000000	26.8813575825819
59.1600000000000	26.8685901648045
59.2000000000000	26.8558261202817
59.2400000000000	26.8430654468874
59.2800000000000	26.8303081424978
59.3200000000000	26.8175542049915
59.3600000000000	26.8048036322499
59.4000000000000	26.7920564221566
59.4400000000000	26.7793125725976
59.4800000000000	26.7665720814616
59.5200000000000	26.7538349466397
59.5600000000000	26.7411011660255
59.6000000000000	26.7283707375148
59.6400000000000	26.7156436590062
59.6800000000000	26.7029199284007
59.7200000000000	26.6901995436016
59.7600000000000	26.6774825025148
59.8000000000000	26.6647688030488
59.8400000000000	26.6520584431143
59.8800000000000	26.6393514206247
59.9200000000000	26.6266477334957
59.9600000000000	26.6139473796455
60	26.6012503569950
60.0400000000000	26.5885566634673
60.0800000000000	26.5758662969882
60.1200000000000	26.5631792554856
60.1600000000000	26.5504955368904
60.2000000000000	26.5378151391356
60.2400000000000	26.5251380601567
60.2800000000000	26.5124642978919
60.3200000000000	26.4997938502818
60.3600000000000	26.4871267152692
60.4000000000000	26.4744628907998
60.4400000000000	26.4618023748216
60.4800000000000	26.4491451652849
60.5200000000000	26.4364912601427
60.5600000000000	26.4238406573506
60.6000000000000	26.4111933548664
60.6400000000000	26.3985493506505
60.6800000000000	26.3859086426658
60.7200000000000	26.3732712288776
60.7600000000000	26.3606371072539
60.8000000000000	26.3480062757651
60.8400000000000	26.3353787323838
60.8800000000000	26.3227544750855
60.9200000000000	26.3101335018481
60.9600000000000	26.2975158106517
61	26.2849013994792
61.0400000000000	26.2722902663159
61.0800000000000	26.2596824091496
61.1200000000000	26.2470778259706
61.1600000000000	26.2344765147716
61.2000000000000	26.2218784735480
61.2400000000000	26.2092837002974
61.2800000000000	26.1966921930203
61.3200000000000	26.1841039497192
61.3600000000000	26.1715189683996
61.4000000000000	26.1589372470692
61.4400000000000	26.1463587837383
61.4800000000000	26.1337835764195
61.5200000000000	26.1212116231283
61.5600000000000	26.1086429218824
61.6000000000000	26.0960774707021
61.6400000000000	26.0835152676102
61.6800000000000	26.0709563106320
61.7200000000000	26.0584005977954
61.7600000000000	26.0458481271305
61.8000000000000	26.0332988966704
61.8400000000000	26.0207529044503
61.8800000000000	26.0082101485081
61.9200000000000	25.9956706268842
61.9600000000000	25.9831343376215
62	25.9706012787653
62.0400000000000	25.9580714483637
62.0800000000000	25.9455448444671
62.1200000000000	25.9330214651285
62.1600000000000	25.9205013084033
62.2000000000000	25.9079843723495
62.2400000000000	25.8954706550278
62.2800000000000	25.8829601545012
62.3200000000000	25.8704528688353
62.3600000000000	25.8579487960981
62.4000000000000	25.8454479343604
62.4400000000000	25.8329502816954
62.4800000000000	25.8204558361787
62.5200000000000	25.8079645958887
62.5600000000000	25.7954765589061
62.6000000000000	25.7829917233142
62.6400000000000	25.7705100871989
62.6800000000000	25.7580316486486
62.7200000000000	25.7455564057543
62.7600000000000	25.7330843566093
62.8000000000000	25.7206154993099
62.8400000000000	25.7081498319545
62.8800000000000	25.6956873526442
62.9200000000000	25.6832280594828
62.9600000000000	25.6707719505765
63	25.6583190240339
63.0400000000000	25.6458692779666
63.0800000000000	25.6334227104882
63.1200000000000	25.6209793197154
63.1600000000000	25.6085391037670
63.2000000000000	25.5961020607646
63.2400000000000	25.5836681888323
63.2800000000000	25.5712374860969
63.3200000000000	25.5588099506875
63.3600000000000	25.5463855807360
63.4000000000000	25.5339643743767
63.4400000000000	25.5215463297466
63.4800000000000	25.5091314449853
63.5200000000000	25.4967197182347
63.5600000000000	25.4843111476396
63.6000000000000	25.4719057313471
63.6400000000000	25.4595034675073
63.6800000000000	25.4471043542723
63.7200000000000	25.4347083897972
63.7600000000000	25.4223155722396
63.8000000000000	25.4099258997597
63.8400000000000	25.3975393705201
63.8800000000000	25.3851559826862
63.9200000000000	25.3727757344259
63.9600000000000	25.3603986239097
64	25.3480246493108
64.0400000000000	25.3356538088049
64.0800000000000	25.3232861005702
64.1200000000000	25.3109215227877
64.1600000000000	25.2985600736408
64.2000000000000	25.2862017513158
64.2400000000000	25.2738465540012
64.2800000000000	25.2614944798885
64.3200000000000	25.2491455271717
64.3600000000000	25.2367996940472
64.4000000000000	25.2244569787142
64.4400000000000	25.2121173793745
64.4800000000000	25.1997808942326
64.5200000000000	25.1874475214955
64.5600000000000	25.1751172593728
64.6000000000000	25.1627901060769
64.6400000000000	25.1504660598226
64.6800000000000	25.1381451188274
64.7200000000000	25.1258272813117
64.7600000000000	25.1135125454982
64.8000000000000	25.1012009096123
64.8400000000000	25.0888923718821
64.8800000000000	25.0765869305385
64.9200000000000	25.0642845838147
64.9600000000000	25.0519853299468
65	25.0396891671735
65.0400000000000	25.0273960937361
65.0800000000000	25.0151061078786
65.1200000000000	25.0028192078477
65.1600000000000	24.9905353918926
65.2000000000000	24.9782546582654
65.2400000000000	24.9659770052206
65.2800000000000	24.9537024310156
65.3200000000000	24.9414309339103
65.3600000000000	24.9291625121674
65.4000000000000	24.9168971640522
65.4400000000000	24.9046348878327
65.4800000000000	24.8923756817796
65.5200000000000	24.8801195441662
65.5600000000000	24.8678664732686
65.6000000000000	24.8556164673655
65.6400000000000	24.8433695247383
65.6800000000000	24.8311256436712
65.7200000000000	24.8188848224510
65.7600000000000	24.8066470593671
65.8000000000000	24.7944123527119
65.8400000000000	24.7821807007801
65.8800000000000	24.7699521018696
65.9200000000000	24.7577265542805
65.9600000000000	24.7455040563160
66	24.7332846062818
66.0400000000000	24.7210682024865
66.0800000000000	24.7088548432411
66.1200000000000	24.6966445268598
66.1600000000000	24.6844372516591
66.2000000000000	24.6722330159583
66.2400000000000	24.6600318180798
66.2800000000000	24.6478336563483
66.3200000000000	24.6356385290915
66.3600000000000	24.6234464346397
66.4000000000000	24.6112573713259
66.4400000000000	24.5990713374861
66.4800000000000	24.5868883314589
66.5200000000000	24.5747083515856
66.5600000000000	24.5625313962104
66.6000000000000	24.5503574636800
66.6400000000000	24.5381865523443
66.6800000000000	24.5260186605555
66.7200000000000	24.5138537866690
66.7600000000000	24.5016919290425
66.8000000000000	24.4895330860370
66.8400000000000	24.4773772560159
66.8800000000000	24.4652244373456
66.9200000000000	24.4530746283951
66.9600000000000	24.4409278275363
67	24.4287840331440
67.0400000000000	24.4166432435956
67.0800000000000	24.4045054572714
67.1200000000000	24.3923706725546
67.1600000000000	24.3802388878310
67.2000000000000	24.3681101014894
67.2400000000000	24.3559843119213
67.2800000000000	24.3438615175211
67.3200000000000	24.3317417166859
67.3600000000000	24.3196249078159
67.4000000000000	24.3075110893139
67.4400000000000	24.2954002595855
67.4800000000000	24.2832924170392
67.5200000000000	24.2711875600865
67.5600000000000	24.2590856871416
67.6000000000000	24.2469867966215
67.6400000000000	24.2348908869462
67.6800000000000	24.2227979565385
67.7200000000000	24.2107080038239
67.7600000000000	24.1986210272311
67.8000000000000	24.1865370251914
67.8400000000000	24.1744559961390
67.8800000000000	24.1623779385112
67.9200000000000	24.1503028507479
67.9600000000000	24.1382307312920
68	24.1261615785894
68.0400000000000	24.1140953910887
68.0800000000000	24.1020321672416
68.1200000000000	24.0899719055025
68.1600000000000	24.0779146043289
68.2000000000000	24.0658602621810
68.2400000000000	24.0538088775222
68.2800000000000	24.0417604488185
68.3200000000000	24.0297149745390
68.3600000000000	24.0176724531558
68.4000000000000	24.0056328831438
68.4400000000000	23.9935962629809
68.4800000000000	23.9815625911479
68.5200000000000	23.9695318661285
68.5600000000000	23.9575040864096
68.6000000000000	23.9454792504807
68.6400000000000	23.9334573568346
68.6800000000000	23.9214384039667
68.7200000000000	23.9094223903758
68.7600000000000	23.8974093145633
68.8000000000000	23.8853991750338
68.8400000000000	23.8733919702947
68.8800000000000	23.8613876988567
68.9200000000000	23.8493863592331
68.9600000000000	23.8373879499404
69	23.8253924694982
69.0400000000000	23.8133999164290
69.0800000000000	23.8014102892582
69.1200000000000	23.7894235865144
69.1600000000000	23.7774398067292
69.2000000000000	23.7654589484370
69.2400000000000	23.7534810101756
69.2800000000000	23.7415059904856
69.3200000000000	23.7295338879106
69.3600000000000	23.7175647009974
69.4000000000000	23.7055984282958
69.4400000000000	23.6936350683587
69.4800000000000	23.6816746197419
69.5200000000000	23.6697170810044
69.5600000000000	23.6577624507082
69.6000000000000	23.6458107274186
69.6400000000000	23.6338619097037
69.6800000000000	23.6219159961347
69.7200000000000	23.6099729852862
69.7600000000000	23.5980328757356
69.8000000000000	23.5860956660635
69.8400000000000	23.5741613548536
69.8800000000000	23.5622299406927
69.9200000000000	23.5503014221708
69.9600000000000	23.5383757978810
70	23.5264530664194
70.0400000000000	23.5145332263854
70.0800000000000	23.5026162763816
70.1200000000000	23.4907022150135
70.1600000000000	23.4787910408900
70.2000000000000	23.4668827526229
70.2400000000000	23.4549773488275
70.2800000000000	23.4430748281221
70.3200000000000	23.4311751891280
70.3600000000000	23.4192784304700
70.4000000000000	23.4073845507760
70.4400000000000	23.3954935486769
70.4800000000000	23.3836054228070
70.5200000000000	23.3717201718039
70.5600000000000	23.3598377943081
70.6000000000000	23.3479582889637
70.6400000000000	23.3360816544176
70.6800000000000	23.3242078893202
70.7200000000000	23.3123369923253
70.7600000000000	23.3004689620895
70.8000000000000	23.2886037972731
70.8400000000000	23.2767414965393
70.8800000000000	23.2648820585549
70.9200000000000	23.2530254819896
70.9600000000000	23.2411717655167
71	23.2293209078126
71.0400000000000	23.2174729075570
71.0800000000000	23.2056277634331
71.1200000000000	23.1937854741272
71.1600000000000	23.1819460383288
71.2000000000000	23.1701094547311
71.2400000000000	23.1582757220303
71.2800000000000	23.1464448389261
71.3200000000000	23.1346168041214
71.3600000000000	23.1227916163225
71.4000000000000	23.1109692742392
71.4400000000000	23.0991497765844
71.4800000000000	23.0873331220745
71.5200000000000	23.0755193094294
71.5600000000000	23.0637083373721
71.6000000000000	23.0519002046293
71.6400000000000	23.0400949099307
71.6800000000000	23.0282924520099
71.7200000000000	23.0164928296035
71.7600000000000	23.0046960414516
71.8000000000000	22.9929020862979
71.8400000000000	22.9811109628893
71.8800000000000	22.9693226699764
71.9200000000000	22.9575372063130
71.9600000000000	22.9457545706564
72	22.9339747617676
72.0400000000000	22.9221977784106
72.0800000000000	22.9104236193534
72.1200000000000	22.8986522833671
72.1600000000000	22.8868837692265
72.2000000000000	22.8751180757099
72.2400000000000	22.8633552015988
72.2800000000000	22.8515951456786
72.3200000000000	22.8398379067382
72.3600000000000	22.8280834835696
72.4000000000000	22.8163318749689
72.4400000000000	22.8045830797354
72.4800000000000	22.7928370966721
72.5200000000000	22.7810939245854
72.5600000000000	22.7693535622855
72.6000000000000	22.7576160085859
72.6400000000000	22.7458812623040
72.6800000000000	22.7341493222606
72.7200000000000	22.7224201872801
72.7600000000000	22.7106938561906
72.8000000000000	22.6989703278238
72.8400000000000	22.6872496010149
72.8800000000000	22.6755316746030
72.9200000000000	22.6638165474307
72.9600000000000	22.6521042183441
73	22.6403946861932
73.0400000000000	22.6286879498316
73.0800000000000	22.6169840081166
73.1200000000000	22.6052828599092
73.1600000000000	22.5935845040739
73.2000000000000	22.5818889394792
73.2400000000000	22.5701961649971
73.2800000000000	22.5585061795035
73.3200000000000	22.5468189818780
73.3600000000000	22.5351345710038
73.4000000000000	22.5234529457680
73.4400000000000	22.5117741050614
73.4800000000000	22.5000980477786
73.5200000000000	22.4884247728179
73.5600000000000	22.4767542790816
73.6000000000000	22.4650865654756
73.6400000000000	22.4534216309097
73.6800000000000	22.4417594742975
73.7200000000000	22.4301000945564
73.7600000000000	22.4184434906077
73.8000000000000	22.4067896613765
73.8400000000000	22.3951386057919
73.8800000000000	22.3834903227865
73.9200000000000	22.3718448112973
73.9600000000000	22.3602020702647
74	22.3485620986334
74.0400000000000	22.3369248953517
74.0800000000000	22.3252904593721
74.1200000000000	22.3136587896507
74.1600000000000	22.3020298851479
74.2000000000000	22.2904037448277
74.2400000000000	22.2787803676584
74.2800000000000	22.2671597526121
74.3200000000000	22.2555418986647
74.3600000000000	22.2439268047965
74.4000000000000	22.2323144699915
74.4400000000000	22.2207048932378
74.4800000000000	22.2090980735276
74.5200000000000	22.1974940098569
74.5600000000000	22.1858927012261
74.6000000000000	22.1742941466394
74.6400000000000	22.1626983451051
74.6800000000000	22.1511052956357
74.7200000000000	22.1395149972477
74.7600000000000	22.1279274489617
74.8000000000000	22.1163426498024
74.8400000000000	22.1047605987987
74.8800000000000	22.0931812949836
74.9200000000000	22.0816047373942
74.9600000000000	22.0700309250718
75	22.0584598570620
75.0400000000000	22.0468915324143
75.0800000000000	22.0353259501826
75.1200000000000	22.0237631094251
75.1600000000000	22.0122030092039
75.2000000000000	22.0006456485855
75.2400000000000	21.9890910266408
75.2800000000000	21.9775391424448
75.3200000000000	21.9659899950766
75.3600000000000	21.9544435836200
75.4000000000000	21.9428999071626
75.4400000000000	21.9313589647968
75.4800000000000	21.9198207556189
75.5200000000000	21.9082852787298
75.5600000000000	21.8967525332345
75.6000000000000	21.8852225182427
75.6400000000000	21.8736952328681
75.6800000000000	21.8621706762290
75.7200000000000	21.8506488474481
75.7600000000000	21.8391297456523
75.8000000000000	21.8276133699732
75.8400000000000	21.8160997195466
75.8800000000000	21.8045887935129
75.9200000000000	21.7930805910169
75.9600000000000	21.7815751112079
76	21.7700723532396
76.0400000000000	21.7585723162702
76.0800000000000	21.7470749994626
76.1200000000000	21.7355804019841
76.1600000000000	21.7240885230064
76.2000000000000	21.7125993617059
76.2400000000000	21.7011129172637
76.2800000000000	21.6896291888653
76.3200000000000	21.6781481757007
76.3600000000000	21.6666698769648
76.4000000000000	21.6551942918569
76.4400000000000	21.6437214195810
76.4800000000000	21.6322512593458
76.5200000000000	21.6207838103646
76.5600000000000	21.6093190718554
76.6000000000000	21.5978570430409
76.6400000000000	21.5863977231486
76.6800000000000	21.5749411114106
76.7200000000000	21.5634872070637
76.7600000000000	21.5520360093497
76.8000000000000	21.5405875175149
76.8400000000000	21.5291417308105
76.8800000000000	21.5176986484925
76.9200000000000	21.5062582698217
76.9600000000000	21.4948205940639
77	21.4833856204894
77.0400000000000	21.4719533483737
77.0800000000000	21.4605237769969
77.1200000000000	21.4490969056443
77.1600000000000	21.4376727336058
77.2000000000000	21.4262512601765
77.2400000000000	21.4148324846562
77.2800000000000	21.4034164063497
77.3200000000000	21.3920030245671
77.3600000000000	21.3805923386230
77.4000000000000	21.3691843478374
77.4400000000000	21.3577790515351
77.4800000000000	21.3463764490460
77.5200000000000	21.3349765397051
77.5600000000000	21.3235793228524
77.6000000000000	21.3121847978331
77.6400000000000	21.3007929639973
77.6800000000000	21.2894038207006
77.7200000000000	21.2780173673033
77.7600000000000	21.2666336031712
77.8000000000000	21.2552525276750
77.8400000000000	21.2438741401909
77.8800000000000	21.2324984401000
77.9200000000000	21.2211254267890
77.9600000000000	21.2097550996494
78	21.1983874580783
78.0400000000000	21.1870225014780
78.0800000000000	21.1756602292560
78.1200000000000	21.1643006408253
78.1600000000000	21.1529437356041
78.2000000000000	21.1415895130160
78.2400000000000	21.1302379724899
78.2800000000000	21.1188891134603
78.3200000000000	21.1075429353669
78.3600000000000	21.0961994376549
78.4000000000000	21.0848586197750
78.4400000000000	21.0735204811833
78.4800000000000	21.0621850213414
78.5200000000000	21.0508522397165
78.5600000000000	21.0395221357812
78.6000000000000	21.0281947090138
78.6400000000000	21.0168699588979
78.6800000000000	21.0055478849229
78.7200000000000	20.9942284865839
78.7600000000000	20.9829117633813
78.8000000000000	20.9715977148215
78.8400000000000	20.9602863404163
78.8800000000000	20.9489776396834
78.9200000000000	20.9376716121459
78.9600000000000	20.9263682573330
79	20.9150675747794
79.0400000000000	20.9037695640256
79.0800000000000	20.8924742246180
79.1200000000000	20.8811815561088
79.1600000000000	20.8698915580559
79.2000000000000	20.8586042300231
79.2400000000000	20.8473195715801
79.2800000000000	20.8360375823027
79.3200000000000	20.8247582617722
79.3600000000000	20.8134816095761
79.4000000000000	20.8022076253079
79.4400000000000	20.7909363085670
79.4800000000000	20.7796676589588
79.5200000000000	20.7684016760947
79.5600000000000	20.7571383595923
79.6000000000000	20.7458777090751
79.6400000000000	20.7346197241728
79.6800000000000	20.7233644045211
79.7200000000000	20.7121117497621
79.7600000000000	20.7008617595438
79.8000000000000	20.6896144335205
79.8400000000000	20.6783697713527
79.8800000000000	20.6671277727072
79.9200000000000	20.6558884372569
79.9600000000000	20.6446517646811
80	20.6334177546655
80.0400000000000	20.6221864069019
80.0800000000000	20.6109577210886
80.1200000000000	20.5997316969302
80.1600000000000	20.5885083341379
80.2000000000000	20.5772876324292
80.2400000000000	20.5660695915279
80.2800000000000	20.5548542111645
80.3200000000000	20.5436414910760
80.3600000000000	20.5324314310057
80.4000000000000	20.5212240307038
80.4400000000000	20.5100192899268
80.4800000000000	20.4988172084379
80.5200000000000	20.4876177860070
80.5600000000000	20.4764210224106
80.6000000000000	20.4652269174318
80.6400000000000	20.4540354708605
80.6800000000000	20.4428466824934
80.7200000000000	20.4316605521338
80.7600000000000	20.4204770795920
80.8000000000000	20.4092962646849
80.8400000000000	20.3981181072365
80.8800000000000	20.3869426070773
80.9200000000000	20.3757697640452
80.9600000000000	20.3645995779845
81	20.3534320487468
81.0400000000000	20.3422671761905
81.0800000000000	20.3311049601813
81.1200000000000	20.3199454005917
81.1600000000000	20.3087884973011
81.2000000000000	20.2976342501964
81.2400000000000	20.2864826591714
81.2800000000000	20.2753337241270
81.3200000000000	20.2641874449715
81.3600000000000	20.2530438216202
81.4000000000000	20.2419028539958
81.4400000000000	20.2307645420281
81.4800000000000	20.2196288856543
81.5200000000000	20.2084958848191
81.5600000000000	20.1973655394742
81.6000000000000	20.1862378495789
81.6400000000000	20.1751128151001
81.6800000000000	20.1639904360118
81.7200000000000	20.1528707122957
81.7600000000000	20.1417536439410
81.8000000000000	20.1306392309444
81.8400000000000	20.1195274733101
81.8800000000000	20.1084183710501
81.9200000000000	20.0973119241840
81.9600000000000	20.0862081327390
82	20.0751069967499
82.0400000000000	20.0640085162595
82.0800000000000	20.0529126913183
82.1200000000000	20.0418195219844
82.1600000000000	20.0307290083240
82.2000000000000	20.0196411504110
82.2400000000000	20.0085559483272
82.2800000000000	19.9974734021626
82.3200000000000	19.9863935120148
82.3600000000000	19.9753162779897
82.4000000000000	19.9640904716835
82.4400000000000	19.9528669560196
82.4800000000000	19.9416457297893
82.5200000000000	19.9304267917862
82.5600000000000	19.9192101408062
82.6000000000000	19.9079957756472
82.6400000000000	19.8967836951097
82.6800000000000	19.8855738979963
82.7200000000000	19.8743663831119
82.7600000000000	19.8631611492636
82.8000000000000	19.8519581952610
82.8400000000000	19.8407575199157
82.8800000000000	19.8295591220419
82.9200000000000	19.8183630004557
82.9600000000000	19.8071691539758
83	19.7959775814232
83.0400000000000	19.7847882816210
83.0800000000000	19.7736012533947
83.1200000000000	19.7624164955723
83.1600000000000	19.7512340069838
83.2000000000000	19.7400537864618
83.2400000000000	19.7288758328410
83.2800000000000	19.7177001449585
83.3200000000000	19.7065267216540
83.3600000000000	19.6953555617690
83.4000000000000	19.6841866641480
83.4400000000000	19.6730200276372
83.4800000000000	19.6618556510856
83.5200000000000	19.6506935333444
83.5600000000000	19.6395336732671
83.6000000000000	19.6283760697097
83.6400000000000	19.6172207215306
83.6800000000000	19.6060676275904
83.7200000000000	19.5949167867522
83.7600000000000	19.5837681978814
83.8000000000000	19.5726218598459
83.8400000000000	19.5614777715160
83.8800000000000	19.5503359317642
83.9200000000000	19.5391963394656
83.9600000000000	19.5280589934978
84	19.5169238927405
84.0400000000000	19.5057910360760
84.0800000000000	19.4946604223892
84.1200000000000	19.4835320505670
84.1600000000000	19.4724059194992
84.2000000000000	19.4612820280777
84.2400000000000	19.4501603751970
84.2800000000000	19.4390409597539
84.3200000000000	19.4279237806480
84.3600000000000	19.4168088367810
84.4000000000000	19.4056961270572
84.4400000000000	19.3945856503833
84.4800000000000	19.3834774056687
84.5200000000000	19.3723713918251
84.5600000000000	19.3612676077666
84.6000000000000	19.3501660524100
84.6400000000000	19.3390667246744
84.6800000000000	19.3279696234817
84.7200000000000	19.3168747477559
84.7600000000000	19.3057820964238
84.8000000000000	19.2946916684147
84.8400000000000	19.2836034626603
84.8800000000000	19.2725174780950
84.9200000000000	19.2614337136555
84.9600000000000	19.2503521682813
85	19.2392728409142
85.0400000000000	19.2281957304988
85.0800000000000	19.2171208359821
85.1200000000000	19.2060481563137
85.1600000000000	19.1949776904457
85.2000000000000	19.1839094373330
85.2400000000000	19.1728433959328
85.2800000000000	19.1617795652051
85.3200000000000	19.1507179441124
85.3600000000000	19.1396585316198
85.4000000000000	19.1286013266949
85.4400000000000	19.1175463283083
85.4800000000000	19.1064935354327
85.5200000000000	19.0954429470438
85.5600000000000	19.0843945621197
85.6000000000000	19.0733483796414
85.6400000000000	19.0623043985923
85.6800000000000	19.0512626179585
85.7200000000000	19.0402230367289
85.7600000000000	19.0291856538948
85.8000000000000	19.0181504684504
85.8400000000000	19.0071174793925
85.8800000000000	18.9960866857206
85.9200000000000	18.9850580864368
85.9600000000000	18.9740316805459
86	18.9630074670556
86.0400000000000	18.9519854449761
86.0800000000000	18.9409656133204
86.1200000000000	18.9299479711042
86.1600000000000	18.9189325173458
86.2000000000000	18.9079192510666
86.2400000000000	18.8969081712902
86.2800000000000	18.8859008353029
86.3200000000000	18.8749014607208
86.3600000000000	18.8639147158184
86.4000000000000	18.8529457701226
86.4400000000000	18.8420006182728
86.4800000000000	18.8310864166563
86.5200000000000	18.8202118484613
86.5600000000000	18.8093875278383
86.6000000000000	18.7986264494821
86.6400000000000	18.7879444853291
86.6800000000000	18.7773609245692
86.7200000000000	18.7668990462089
86.7600000000000	18.7565867044900
86.8000000000000	18.7464568961906
86.8400000000000	18.7365482651551
86.8800000000000	18.7269054838142
86.9200000000000	18.7175794354689
86.9600000000000	18.7086271076456
87	18.7001111006289
87.0400000000000	18.6920986628365
87.0800000000000	18.6846601933179
87.1200000000000	18.6778672070707
87.1600000000000	18.6717898414584
87.2000000000000	18.6664940824797
87.2400000000000	18.6620389865509
87.2800000000000	18.6584742359855
87.3200000000000	18.6558383639815
87.3600000000000	18.6541579021459
87.4000000000000	18.6534475519819
87.4400000000000	18.6537113006313
87.4800000000000	18.6549454366044
87.5200000000000	18.6571790657605
87.5600000000000	18.6604922945018
87.6000000000000	18.6649582323813
87.6400000000000	18.6706360580474
87.6800000000000	18.6775699316875
87.7200000000000	18.6857890258770
87.7600000000000	18.6953086818244
87.8000000000000	18.7061324768980
87.8400000000000	18.7182548367093
87.8800000000000	18.7316637793602
87.9200000000000	18.7463434365393
87.9600000000000	18.7622761178680
88	18.7794438220391
88.0400000000000	18.7978292119077
88.0800000000000	18.8174161420891
88.1200000000000	18.8381898566674
88.1600000000000	18.8601369721304
88.2000000000000	18.8832453403973
88.2400000000000	18.9075038604688
88.2800000000000	18.9329022823867
88.3200000000000	18.9594310275073
88.3600000000000	18.9870810354297
88.4000000000000	19.0158436395553
88.4400000000000	19.0457104688627
88.4800000000000	19.0766733716972
88.5200000000000	19.1087243571020
88.5600000000000	19.1418004816079
88.6000000000000	19.1757495680202
88.6400000000000	19.2106294352770
88.6800000000000	19.2464783602790
88.7200000000000	19.2833141482136
88.7600000000000	19.3211431109550
88.8000000000000	19.3599651893646
88.8400000000000	19.3997768424140
88.8800000000000	19.4405726525781
88.9200000000000	19.4823462029311
88.9600000000000	19.5250905476526
89	19.5687984595071
89.0400000000000	19.6134625572203
89.0800000000000	19.6590753694147
89.1200000000000	19.7056293657120
89.1600000000000	19.7530862787605
89.2000000000000	19.8014253061293
89.2400000000000	19.8506570471580
89.2800000000000	19.9007829248325
89.3200000000000	19.9517997335359
89.3600000000000	20.0037019798430
89.4000000000000	20.0564830437020
89.4400000000000	20.1101357481048
89.4800000000000	20.1646526354759
89.5200000000000	20.2200261003606
89.5600000000000	20.2762484525524
89.6000000000000	20.3333101590391
89.6400000000000	20.3911785350543
89.6800000000000	20.4498573346213
89.7200000000000	20.5093519836897
89.7600000000000	20.5696608845337
89.8000000000000	20.6307789865955
89.8400000000000	20.6926995471633
89.8800000000000	20.7554149937979
89.9200000000000	20.8189173440610
89.9600000000000	20.8831984086867
90	20.9482498896328
90.0400000000000	21.0140634274977
90.0800000000000	21.0806306247344
90.1200000000000	21.1479430573828
90.1600000000000	21.2159922813970
90.2000000000000	21.2847698364449
90.2400000000000	21.3542672485353
90.2800000000000	21.4244760321034
90.3200000000000	21.4953876918457
90.3600000000000	21.5670045171063
90.4000000000000	21.6393859500774
90.4400000000000	21.7125787121151
90.4800000000000	21.7866009112860
90.5200000000000	21.8549479618010
90.5600000000000	21.8743089385897
90.6000000000000	21.8776807021620
90.6400000000000	21.8749714205145
90.6800000000000	21.8691413866583
90.7200000000000	21.8614788698728
90.7600000000000	21.8526674835834
90.8000000000000	21.8431007136762
90.8400000000000	21.8330158446333
90.8800000000000	21.8225641243170
90.9200000000000	21.8118460694461
90.9600000000000	21.8009307030547
91	21.7898666922564
91.0400000000000	21.7786891121699
91.0800000000000	21.7674237154264
91.1200000000000	21.7560897145307
91.1600000000000	21.7447016443654
91.2000000000000	21.7332706378049
91.2400000000000	21.7218053168304
91.2800000000000	21.7103124259015
91.3200000000000	21.6987972890627
91.3600000000000	21.6872641443604
91.4000000000000	21.6757163915106
91.4400000000000	21.6641567773609
91.4800000000000	21.6525875361786
91.5200000000000	21.6410117301444
91.5600000000000	21.6294370783523
91.6000000000000	21.6178649163335
91.6400000000000	21.6062952425824
91.6800000000000	21.5947280555949
91.7200000000000	21.5831633538690
91.7600000000000	21.5716011359045
91.8000000000000	21.5600414002031
91.8400000000000	21.5484841452685
91.8800000000000	21.5369293696059
91.9200000000000	21.5253770717229
91.9600000000000	21.5138272501287
92	21.5022799033344
92.0400000000000	21.4907350298530
92.0800000000000	21.4791926281995
92.1200000000000	21.4676526968907
92.1600000000000	21.4561152344452
92.2000000000000	21.4445802393838
92.2400000000000	21.4330477102290
92.2800000000000	21.4215176455051
92.3200000000000	21.4099900437385
92.3600000000000	21.3984649034574
92.4000000000000	21.3869422231919
92.4400000000000	21.3754220014741
92.4800000000000	21.3639042368380
92.5200000000000	21.3523891382137
92.5520633683024	21.3439984767000
92.5600000000000	21.3422079149575
92.6000000000000	21.3369481497773
92.6400000000000	21.3461788898121
92.6800000000000	21.3847037041673
92.7200000000000	21.4453102526787
92.7600000000000	21.5153145676480
92.8000000000000	21.5890955886228
92.8400000000000	21.6644457413898
92.8800000000000	21.7405622359082
92.9200000000000	21.8170084125171
92.9600000000000	21.8935483638225
93	21.9700558300335
93.0400000000000	22.0463749051810
93.0800000000000	22.1223888781361
93.1200000000000	22.1981456139459
93.1600000000000	22.2736680280521
93.2000000000000	22.3489667704622
93.2400000000000	22.4240471232269
93.2800000000000	22.4989120044220
93.3200000000000	22.5735632837396
93.3600000000000	22.6480023614979
93.4000000000000	22.7222304246622
93.4400000000000	22.7962257042261
93.4800000000000	22.8699725378687
93.5200000000000	22.9435059582989
93.5600000000000	23.0168411821826
93.6000000000000	23.0899848422967
93.6400000000000	23.1629400955338
93.6800000000000	23.2357086817430
93.7200000000000	23.3082917584618
93.7600000000000	23.3806902411849
93.8000000000000	23.4529049427974
93.8400000000000	23.5249366310109
93.8800000000000	23.5967860521509
93.9200000000000	23.6684375109772
93.9600000000000	23.7398585726112
94	23.8110737568662
94.0400000000000	23.8820944480714
94.0800000000000	23.9529255503566
94.1200000000000	24.0235694427629
94.1600000000000	24.0940275131573
94.2000000000000	24.1643007566835
94.2400000000000	24.2343900105545
94.2800000000000	24.3042960466760
94.3200000000000	24.3740196083886
94.3600000000000	24.4435614251290
94.4000000000000	24.5129222183206
94.4400000000000	24.5821027037632
94.4800000000000	24.6511035926166
94.5200000000000	24.7199255918184
94.5600000000000	24.7885694042712
94.6000000000000	24.8570357289362
94.6400000000000	24.9253252608885
94.6800000000000	24.9934386913565
94.7200000000000	25.0613767077536
94.7600000000000	25.1291399937085
94.8000000000000	25.1967292290926
94.8400000000000	25.2641450900481
94.8800000000000	25.3313882490139
94.9200000000000	25.3984593747533
94.9600000000000	25.4653591323796
95	25.5320881833823
95.0400000000000	25.5986462490880
95.0800000000000	25.6649105779350
95.1200000000000	25.7309165222360
95.1600000000000	25.7967106118633
95.2000000000000	25.8623083568971
95.2400000000000	25.9277152993975
95.2800000000000	25.9929337499964
95.3200000000000	26.0579649625934
95.3600000000000	26.1228098415533
95.4000000000000	26.1874691732612
95.4400000000000	26.2519437024487
95.4800000000000	26.3162341575269
95.5200000000000	26.3803412590561
95.5600000000000	26.4442657226062
95.6000000000000	26.5080082597362
95.6400000000000	26.5715695783410
95.6800000000000	26.6349503827843
95.7200000000000	26.6981513739564
95.7600000000000	26.7611732493078
95.8000000000000	26.8240167028741
95.8400000000000	26.8866824252972
95.8800000000000	26.9491711038454
95.9200000000000	27.0114834224334
95.9600000000000	27.0736200616417
96	27.1355816987356
96.0400000000000	27.1973690076849
96.0800000000000	27.2589826591826
96.1200000000000	27.3204233206637
96.1600000000000	27.3816916563240
96.2000000000000	27.4427883271392
96.2400000000000	27.5037139908827
96.2800000000000	27.5644693021445
96.3200000000000	27.6250549123491
96.3600000000000	27.6854714697742
96.4000000000000	27.7457196195681
96.4400000000000	27.8058000037680
96.4800000000000	27.8657132613178
96.5200000000000	27.9254600280854
96.5600000000000	27.9850409368809
96.6000000000000	28.0444566174732
96.6400000000000	28.1037076966082
96.6800000000000	28.1627947980254
96.7200000000000	28.2217185424753
96.7600000000000	28.2804795477363
96.8000000000000	28.3390784286316
96.8400000000000	28.3975157970459
96.8800000000000	28.4557922619421
96.9200000000000	28.5139084293780
96.9600000000000	28.5718649025224
97	28.6296622816718
97.0400000000000	28.6873011642665
97.0800000000000	28.7447821449065
97.1200000000000	28.8021058186764
97.1600000000000	28.8592684310385
97.2000000000000	28.9162613732511
97.2400000000000	28.9730809453243
97.2800000000000	29.0297260344989
97.3200000000000	29.0861966058796
97.3600000000000	29.1424930741161
97.4000000000000	29.1986160408034
97.4400000000000	29.2545661842826
97.4800000000000	29.3103442132110
97.5200000000000	29.3659508469259
97.5600000000000	29.4213868071142
97.6000000000000	29.4766528142703
97.6400000000000	29.5317495861937
97.6800000000000	29.5866778373551
97.7200000000000	29.6414382786370
97.7600000000000	29.6960316172336
97.8000000000000	29.7504585566217
97.8400000000000	29.8047197965599
97.8800000000000	29.8588160331021
97.9200000000000	29.9127479586157
97.9600000000000	29.9665162618028
98	30.0201216277220
98.0400000000000	30.0735647378104
98.0800000000000	30.1268462699064
98.1200000000000	30.2742646415368
98.1600000000000	30.3804628802540
98.2000000000000	30.4644796284660
98.2400000000000	30.5346677082417
98.2800000000000	30.5961544190334
98.3200000000000	30.6523679056696
98.3600000000000	30.7057079462026
98.4000000000000	30.7574539076262
98.4400000000000	30.8082030052304
98.4800000000000	30.8583483857900
98.5200000000000	30.9081573298903
98.5600000000000	30.9577645594782
98.6000000000000	31.0072385143956
98.6400000000000	31.0566141871881
98.6800000000000	31.1059095586461
98.7200000000000	31.1551339167010
98.7600000000000	31.2042920938896
98.8000000000000	31.2533866342167
98.8400000000000	31.3024189040849
98.8800000000000	31.3513896629642
98.9200000000000	31.4003003906583
98.9600000000000	31.4491519803527
99	31.4979427288091
99.0400000000000	31.5466717531580
99.0800000000000	31.5953386429696
99.1200000000000	31.6439432373661
99.1600000000000	31.6924855073378
99.2000000000000	31.7409654935422
99.2400000000000	31.7893832733932
99.2800000000000	31.8377389436301
99.3200000000000	31.8860326110745
99.3600000000000	31.9342643877259
99.4000000000000	31.9824343881549
99.4400000000000	32.0305427281188
99.4800000000000	32.0785895238244
99.5200000000000	32.1265748915358
99.5600000000000	32.1744989473673
99.6000000000000	32.2223618071722
99.6400000000000	32.2701328121655
99.6800000000000	32.3177901152916
99.7200000000000	32.3653557374650
99.7600000000000	32.4128398243813
99.8000000000000	32.4602469457538
99.8400000000000	32.5075792133327
99.8800000000000	32.5548376526436
99.9200000000000	32.6020228080263
99.9600000000000	32.6491350100831
100	32.6961744941354