0	0
0.0400000000000000	0.174620412273875
0.0800000000000000	0.295712279689605
0.120000000000000	0.383014397953634
0.160000000000000	0.453986530680701
0.200000000000000	0.517740087160421
0.240000000000000	0.580938313479162
0.280000000000000	0.643832763640458
0.320000000000000	0.706473078173831
0.360000000000000	0.768859102891560
0.400000000000000	0.830990693338214
0.440000000000000	0.893407438835173
0.480000000000000	0.958018412105812
0.520000000000000	1.02666011075912
0.560000000000000	1.10082391463628
0.600000000000000	1.18169638836302
0.640000000000000	1.27018165469182
0.680000000000000	1.36691958246983
0.720000000000000	1.47227368988705
0.760000000000000	1.58622478383183
0.800000000000000	1.70870031044870
0.840000000000000	1.83950017590210
0.880000000000000	1.97831082518270
0.920000000000000	2.12473979100049
0.960000000000000	2.27834530270756
1	2.43866016710720
1.04000000000000	2.60520993073217
1.08000000000000	2.77752587580809
1.12000000000000	2.95483446443318
1.16000000000000	3.13640626053287
1.20000000000000	3.32189673503354
1.24000000000000	3.51096634116712
1.28000000000000	3.70328206458849
1.32000000000000	3.89852246573821
1.36000000000000	4.09638056938959
1.40000000000000	4.29630688048099
1.44000000000000	4.49749040283524
1.48000000000000	4.69967093895013
1.52000000000000	4.90263970394157
1.56000000000000	5.10618975942972
1.60000000000000	5.31012128204670
1.64000000000000	5.51437309298829
1.68000000000000	5.71942625443774
1.72000000000000	5.92543033882142
1.76000000000000	6.13288101323030
1.80000000000000	6.34213450036316
1.84000000000000	6.55337263359754
1.88000000000000	6.76665945077286
1.92000000000000	6.98198028816155
1.96000000000000	7.19926881622430
2	7.41842569022757
2.04000000000000	7.63933135030072
2.08000000000000	7.86148282639764
2.12000000000000	8.08461906737153
2.16000000000000	8.30919236540428
2.20000000000000	8.53559661739422
2.24000000000000	8.76406688103681
2.28000000000000	8.99472834093194
2.32000000000000	9.22763800992659
2.36000000000000	9.46281072564822
2.40000000000000	9.70023537938791
2.44000000000000	9.93988504458751
2.48000000000000	10.1817232894984
2.52000000000000	10.4257270981681
2.56000000000000	10.6717882328227
2.60000000000000	10.9147174115546
2.64000000000000	11.1497695515460
2.68000000000000	11.3811269915030
2.72000000000000	11.6113856522834
2.76000000000000	11.8421657748637
2.80000000000000	12.0744722580742
2.84000000000000	12.3089161479280
2.88000000000000	12.5458545811804
2.92000000000000	12.7854807160385
2.96000000000000	13.0278643578013
3	13.2728083248118
3.04000000000000	13.5203200148481
3.08000000000000	13.7704178049381
3.12000000000000	14.0230765795061
3.16000000000000	14.2781927273962
3.20000000000000	14.5353746249318
3.24000000000000	14.7942462860804
3.28000000000000	15.0545715452159
3.32000000000000	15.3162141771359
3.36000000000000	15.5790971396927
3.40000000000000	15.8431783484112
3.44000000000000	16.1084363204230
3.48000000000000	16.3748616830958
3.52000000000000	16.6424521579143
3.56000000000000	16.9112096000710
3.60000000000000	17.1811382526618
3.64000000000000	17.4522437179380
3.68000000000000	17.7245323516173
3.72000000000000	17.9980109066650
3.76000000000000	18.2724210526483
3.80000000000000	18.5477424609379
3.84000000000000	18.8241194919618
3.88000000000000	19.1016169855460
3.92000000000000	19.3802550711628
3.96000000000000	19.6600344778849
4	19.9409468317369
4.04000000000000	20.2229787431565
4.08000000000000	20.5061141008717
4.12000000000000	20.7903353568855
4.16000000000000	21.0756242448005
4.20000000000000	21.3619427375830
4.24000000000000	21.6490950691005
4.28000000000000	21.9368976882130
4.32000000000000	22.2252497762673
4.36000000000000	22.5141096151628
4.40000000000000	22.8034677427930
4.44000000000000	23.0933322438822
4.48000000000000	23.3837206944763
4.52000000000000	23.6746557513457
4.56000000000000	23.9661627380154
4.60000000000000	24.2582575984368
4.64000000000000	24.5507119889237
4.68000000000000	24.8436210405917
4.72000000000000	25.1371205365772
4.76000000000000	25.4312969194726
4.80000000000000	25.7262105282826
4.84000000000000	26.0212817452440
4.88000000000000	26.3145798693551
4.92000000000000	26.6045674481479
4.96000000000000	26.8904734949179
5	27.1719310760264
5.04000000000000	27.4487844349463
5.08000000000000	27.7209876057809
5.12000000000000	27.9885513957211
5.16000000000000	28.2515157063373
5.20000000000000	28.5099350831655
5.24000000000000	28.7638711673183
5.28000000000000	29.0133887515634
5.32000000000000	29.2584136738035
5.36000000000000	29.4988245693412
5.40000000000000	29.7341561964459
5.44000000000000	29.9645131935550
5.48000000000000	30.1905368402157
5.52000000000000	30.4124581493255
5.56000000000000	30.6304281952865
5.60000000000000	30.8446685879497
5.64000000000000	31.0548852516159
5.68000000000000	31.2613051570617
5.72000000000000	31.4644468031418
5.76000000000000	31.6647227433435
5.80000000000000	31.8621034344019
5.84000000000000	32.0566064002277
5.88000000000000	32.2485898974350
5.92000000000000	32.4383065934895
5.96000000000000	32.6258509756786
6	32.8112296749840
6.04000000000000	32.9942882305091
6.08000000000000	33.1743769013314
6.12000000000000	33.3517803700349
6.16000000000000	33.6077691089358
6.20000000000000	33.8203545318946
6.24000000000000	34.0105052129738
6.28000000000000	34.1875331436292
6.32000000000000	34.3562573426599
6.36000000000000	34.5195111449799
6.40000000000000	34.6787645751466
6.44000000000000	34.8348007535379
6.48000000000000	34.9880466320432
6.52000000000000	35.1387412669709
6.56000000000000	35.2870234772753
6.60000000000000	35.4329781702525
6.64000000000000	35.5766610515379
6.68000000000000	35.7181118905346
6.72000000000000	35.8573616771257
6.76000000000000	35.9944364989617
6.80000000000000	36.1293596503640
6.84000000000000	35.9693938077888
6.88000000000000	35.7257891199634
6.92000000000000	35.4823859144392
6.96000000000000	35.2388951402797
7	34.9951536719183
7.04000000000000	34.7510695291052
7.08000000000000	34.5065908203231
7.12000000000000	34.2616882196096
7.16000000000000	34.0163451011154
7.20000000000000	33.7705519891953
7.24000000000000	33.5243034361703
7.28000000000000	33.2775962650177
7.32000000000000	33.0304285796042
7.36000000000000	32.7828046523296
7.40000000000000	32.5347456102969
7.44000000000000	32.2862725207155
7.48000000000000	32.0374008018617
7.52000000000000	31.7881424130498
7.56000000000000	31.5384685661087
7.60000000000000	31.2882894407199
7.64000000000000	31.0375369588861
7.68000000000000	30.7861680331882
7.72000000000000	30.5341534725294
7.76000000000000	30.2814718054358
7.80000000000000	30.0281058364767
7.84000000000000	29.7740407225887
7.88000000000000	29.5192628957764
7.92000000000000	29.2637594579807
7.96000000000000	29.0075178398915
8	28.7505256076267
8.04000000000000	28.4927703524306
8.08000000000000	28.2342396270824
8.12000000000000	27.9749209086388
8.16000000000000	27.7148015760472
8.20000000000000	27.4538612453563
8.24000000000000	27.1920282410801
8.28000000000000	26.9293018870469
8.32000000000000	26.6656882245952
8.36000000000000	26.4011856098866
8.40000000000000	26.1357877254805
8.44000000000000	25.8694853796348
8.48000000000000	25.6022675840786
8.52000000000000	25.3341222009315
8.56000000000000	25.0650363315565
8.60000000000000	24.7949965503890
8.64000000000000	24.5239890453692
8.68000000000000	24.2519997019437
8.72000000000000	23.9790141528683
8.76000000000000	23.7050178072195
8.80000000000000	23.4299958667220
8.84000000000000	23.1539491258405
8.88000000000000	22.8769405145926
8.92000000000000	22.5990343004596
8.96000000000000	22.3202723682069
9	22.0406811367310
9.04000000000000	21.7602776815328
9.08000000000000	21.4368252538279
9.12000000000000	21.1365811673117
9.16000000000000	20.8445019644969
9.20000000000000	20.5568312287579
9.24000000000000	20.2710468639869
9.28000000000000	19.9861372717699
9.32000000000000	19.7017966502678
9.36000000000000	19.4179471118581
9.40000000000000	19.1345625297417
9.44000000000000	18.8513837726669
9.48000000000000	18.5681576028963
9.52000000000000	18.2848390647043
9.56000000000000	18.0013960791245
9.60000000000000	17.7178812071610
9.64000000000000	17.4343203396770
9.68000000000000	17.1507211952897
9.72000000000000	16.8670799341624
9.76000000000000	16.5833853111194
9.80000000000000	16.2996212913631
9.84000000000000	16.0157687017164
9.88000000000000	15.7318062748454
9.92000000000000	15.4477113104073
9.96000000000000	15.1634600938774
10	14.8790281617643
10.0400000000000	14.5943904692575
10.0800000000000	14.3095214957928
10.1200000000000	14.0243953110550
10.1600000000000	13.7388504514382
10.2000000000000	13.4528200557671
10.2400000000000	13.1663224072365
10.2800000000000	12.8793602104557
10.3200000000000	12.5919257139783
10.3600000000000	12.3040040869277
10.4000000000000	12.0155756522524
10.4400000000000	11.7266173678636
10.4800000000000	11.4371410205371
10.5200000000000	11.1474789538067
10.5600000000000	10.8579700897269
10.6000000000000	10.5688118373226
10.6400000000000	10.2799012748921
10.6800000000000	9.99115586469221
10.7200000000000	9.70262526457994
10.7600000000000	9.41431756158671
10.8000000000000	9.12621587065205
10.8400000000000	8.83828793307114
10.8800000000000	8.55049169798949
10.9200000000000	8.26277857846429
10.9600000000000	7.97504405329393
11	7.68700356093788
11.0400000000000	7.39861573419583
11.0800000000000	7.10985646154089
11.1200000000000	6.82068495274506
11.1600000000000	6.53104924410935
11.2000000000000	6.24088955613063
11.2400000000000	5.95014033959283
11.2800000000000	5.65849748220327
11.3200000000000	5.36574090156770
11.3600000000000	5.07182233328741
11.4000000000000	4.77668318641253
11.4400000000000	4.48025725772824
11.4800000000000	4.18247243997702
11.5200000000000	3.91193395537854
11.5600000000000	3.64265880822384
11.6000000000000	3.37395203995679
11.6400000000000	3.10529994097134
11.6800000000000	2.83575666731000
11.7200000000000	2.56463294476668
11.7600000000000	2.29169649890910
11.8000000000000	2.01656866325425
11.8400000000000	1.73837775158990
11.8800000000000	1.45693710617547
11.9200000000000	1.17192922273957
11.9600000000000	0.882461468182849
12	0.588358291753637
12.0400000000000	0.290453024647692
12.0800000000000	-0.0108975923825526
12.1200000000000	0.199203793612044
12.1600000000000	0.233388302003845
12.2000000000000	-0.0769845108208287
12.2400000000000	0.130649104467067
12.2800000000000	0.0770453433631609
12.3200000000000	0.0239259736884247
12.3600000000000	-0.0287139357896012
12.4000000000000	0.178486174974717
12.4400000000000	0.212857167521458
12.4800000000000	0.246918733466736
12.5200000000000	-0.0635760046218355
12.5600000000000	0.143937236560695
12.6000000000000	0.0902133100463738
12.6400000000000	0.0369749998466196
12.6800000000000	-0.0157826402497727
12.7200000000000	0.191301263754418
12.7600000000000	0.227465326594977
12.8000000000000	-0.0721143998796884
12.8400000000000	0.162260397692967
12.8800000000000	0.244976471880547
12.9200000000000	0.00805825372201125
12.9600000000000	0.0568085509146011
13	0.133204524211063
13.0400000000000	-0.0181824357396851
13.0800000000000	0.373069254821674
13.1200000000000	0.267099059932973
13.1600000000000	0.184177180409641
13.2000000000000	0.124068844197850
13.2400000000000	0.0883780793454330
13.2800000000000	0.0790826264395199
13.3200000000000	0.0980084689067905
13.3600000000000	0.146429807281612
13.4000000000000	0.225112085809093
13.4400000000000	0.334419240588889
13.4800000000000	0.474399287789565
13.5200000000000	0.644887254455477
13.5600000000000	0.844923921814790
13.6000000000000	1.07127053963666
13.6400000000000	1.32076005180830
13.6800000000000	1.59118147592123
13.7200000000000	1.88193891891049
13.7600000000000	2.19473925435349
13.8000000000000	2.52920047224960
13.8400000000000	2.88484850226816
13.8800000000000	3.26071426982580
13.9200000000000	3.65479318215973
13.9600000000000	4.06384955741560
14	4.48444021817593
14.0400000000000	4.91602978419678
14.0800000000000	5.35841527709267
14.1200000000000	5.81147871430289
14.1600000000000	6.27416048682900
14.2000000000000	6.74154145957584
14.2400000000000	7.21042361852568
14.2800000000000	7.67897851120814
14.3200000000000	8.14626112239629
14.3600000000000	8.61129725061148
14.4000000000000	9.07082639944622
14.4400000000000	9.52519820843699
14.4800000000000	9.97496904555432
14.5200000000000	10.4191261853428
14.5600000000000	10.8565423189237
14.6000000000000	11.2858082821707
14.6400000000000	11.7056672497252
14.6800000000000	12.1172592699159
14.7200000000000	12.6894733947092
14.7600000000000	13.4461753558743
14.8000000000000	14.1807153197887
14.8400000000000	14.8941808394842
14.8800000000000	15.5910657203049
14.9200000000000	16.2745964899840
14.9600000000000	16.9468052700285
15	17.6077304085144
15.0400000000000	18.2579959898731
15.0800000000000	18.8999541758446
15.1200000000000	19.5342131161021
15.1600000000000	20.1596778974239
15.2000000000000	20.7753735284477
15.2400000000000	21.3804059382901
15.2800000000000	21.9716395883761
15.3200000000000	22.5484145628607
15.3600000000000	23.1146068594066
15.4000000000000	23.6711972775813
15.4400000000000	24.2213278362875
15.4800000000000	24.7681469379007
15.5200000000000	25.3131141869293
15.5600000000000	25.8586189809946
15.6000000000000	26.4043974163833
15.6400000000000	26.9483999874987
15.6800000000000	27.4918399466022
15.7200000000000	28.0356945542829
15.7600000000000	28.5806744454176
15.8000000000000	29.1271772942837
15.8400000000000	29.6747159118862
15.8800000000000	30.2236773728150
15.9200000000000	30.7734357831949
15.9600000000000	31.3229373975308
16	31.8709620219042
16.0400000000000	32.4166765280652
16.0800000000000	32.9591407663610
16.1200000000000	33.4979350157743
16.1600000000000	34.0362825599338
16.2000000000000	34.5723121567986
16.2400000000000	35.1081379715038
16.2800000000000	35.6439571300799
16.3200000000000	36.1807320659448
16.3600000000000	36.7185072896562
16.4000000000000	37.2576221643994
16.4400000000000	37.7983335966086
16.4800000000000	38.3409205043894
16.5200000000000	38.8836566716908
16.5600000000000	39.4239762883273
16.6000000000000	39.9583887977905
16.6400000000000	40.4872066259974
16.6800000000000	41.0103100746499
16.7200000000000	41.5276714821363
16.7600000000000	42.7126925170462
16.8000000000000	43.3540494866815
16.8400000000000	43.8258288062098
16.8800000000000	44.2263345122407
16.9200000000000	44.6025908429866
16.9600000000000	44.9707119479072
17	45.3363875281642
17.0400000000000	45.7007572766594
17.0800000000000	46.0636368328436
17.1200000000000	46.4245236035568
17.1600000000000	46.7840840059664
17.2000000000000	47.1426061313529
17.2400000000000	47.5001057588406
17.2800000000000	47.8564855205936
17.3200000000000	48.2117179302141
17.3600000000000	48.5660842379984
17.4000000000000	48.9196944783007
17.4400000000000	49.2725404823235
17.4800000000000	49.6244061485247
17.5200000000000	49.9749379130600
17.5600000000000	50.3236853324736
17.6000000000000	50.6708033762882
17.6400000000000	51.0164222185394
17.6800000000000	51.3605245189482
17.7200000000000	51.7031184304134
17.7600000000000	52.0442081413379
17.8000000000000	52.3837983564755
17.8400000000000	52.7218936931529
17.8800000000000	53.0584987529447
17.9200000000000	53.3936181146479
17.9600000000000	53.7272563351840
18	54.0594179498156
18.0400000000000	54.3897933993671
18.0800000000000	54.7178468262374
18.1200000000000	55.0442536233006
18.1600000000000	55.3691379695919
18.2000000000000	55.6924371795810
18.2400000000000	56.0141925787701
18.2800000000000	56.3343910017231
18.3200000000000	56.6530460639623
18.3600000000000	56.9701758967336
18.4000000000000	57.2857806860670
18.4400000000000	57.5998453472042
18.4800000000000	57.9123248261011
18.5200000000000	58.2231856554445
18.5600000000000	58.5323916081093
18.6000000000000	58.8399083517589
18.6400000000000	59.1457020513556
18.6800000000000	59.4497397727517
18.7200000000000	59.7519893857754
18.7600000000000	60.0524195958263
18.8000000000000	60.3508703259615
18.8400000000000	60.6471802258702
18.8800000000000	60.9411470648032
18.9200000000000	61.2328084127823
18.9600000000000	61.5221783430918
19	61.8092734901170
19.0400000000000	62.0941100070276
19.0800000000000	62.3767038681705
19.1200000000000	62.6570708475699
19.1600000000000	62.9352265231168
19.2000000000000	63.2111862790988
19.2400000000000	63.4843882721982
19.2800000000000	63.7542824325579
19.3200000000000	64.3566556338016
19.3600000000000	64.6876523025031
19.4000000000000	64.9274542060650
19.4400000000000	65.1355560138705
19.4800000000000	65.3336786803817
19.5200000000000	65.5286976225998
19.5600000000000	65.7215936991839
19.6000000000000	65.9123642169806
19.6400000000000	66.1009908992833
19.6800000000000	66.2873866775813
19.7200000000000	66.4713553718920
19.7600000000000	66.6529440629622
19.8000000000000	66.8322619399234
19.8400000000000	67.0093181464825
19.8800000000000	67.1841246151135
19.9200000000000	67.3566927380262
19.9600000000000	67.5270334161426
20	67.6951570597790
20.0400000000000	67.8610735888188
20.0800000000000	68.0246205991873
20.1200000000000	68.1855103965940
20.1600000000000	68.3434868997459
20.2000000000000	68.4985161583058
20.2400000000000	68.7715701440633
20.2800000000000	68.9587473935079
20.3200000000000	69.1080451967343
20.3600000000000	69.2389277349020
20.4000000000000	69.3596875984162
20.4400000000000	69.4740102834133
20.4800000000000	69.5837343274748
20.5200000000000	69.6892258964437
20.5600000000000	69.7904880379200
20.6000000000000	69.8875429992745
20.6400000000000	69.9803954035733
20.6800000000000	70.0691463360929
20.7200000000000	70.1536963620606
20.7600000000000	70.2341292620629
20.8000000000000	70.3109301481415
20.8400000000000	70.3842673539757
20.8800000000000	70.4541195413713
20.9200000000000	70.5207808300910
20.9600000000000	70.5844527175937
21	70.6451617363541
21.0400000000000	70.7023719108579
21.0800000000000	70.7561092290390
21.1200000000000	70.8065536350246
21.1600000000000	70.8537459877663
21.2000000000000	70.8978310114302
21.2400000000000	70.9386934351817
21.2800000000000	70.9764268696586
21.3200000000000	71.0111436215256
21.3600000000000	71.0428464589713
21.4000000000000	71.0712616560947
21.4400000000000	71.0959343475949
21.4800000000000	71.1170949856552
21.5200000000000	71.1349600824453
21.5600000000000	71.1495922050559
21.6000000000000	71.1610380057010
21.6400000000000	71.1693454266433
21.6800000000000	71.1745670744189
21.7200000000000	71.1767615329532
21.7600000000000	71.1759943555963
21.8000000000000	71.1725455638338
21.8400000000000	71.1667887803227
21.8800000000000	71.1589329653798
21.9200000000000	71.1490897539601
21.9600000000000	71.1373323089877
22	71.1237193839218
22.0400000000000	71.1083060536038
22.0800000000000	71.0911489396720
22.1200000000000	71.0723090198430
22.1600000000000	71.0518532966223
22.2000000000000	71.0298558544658
22.2400000000000	71.0063980803313
22.2800000000000	70.9815658834896
22.3200000000000	70.9554541570606
22.3600000000000	70.9281680750040
22.4000000000000	70.8998209073268
22.4400000000000	70.8705315320347
22.4800000000000	70.8404217286609
22.5200000000000	70.8096132411487
22.5600000000000	70.7782251823394
22.6000000000000	70.7463716480951
22.6400000000000	70.7141626064781
22.6800000000000	70.6817105542275
22.7200000000000	70.6490974448839
22.7600000000000	70.6163786447770
22.8000000000000	70.5835921038400
22.8400000000000	70.5507644121272
22.8800000000000	70.5179143864277
22.9200000000000	70.4850553945958
22.9600000000000	70.4521969408883
23	70.4193457673776
23.0400000000000	70.3865066307231
23.0800000000000	70.3536859575058
23.1200000000000	70.3208871024750
23.1600000000000	70.2881100409968
23.2000000000000	70.2553547484740
23.2400000000000	70.2226212003461
23.2800000000000	70.1899093720889
23.3200000000000	70.1572192392147
23.3600000000000	70.1245507772722
23.4000000000000	70.0919039618462
23.4400000000000	70.0592787685579
23.4800000000000	70.0266751730646
23.5200000000000	69.9940931510596
23.5600000000000	69.9615326782724
23.6000000000000	69.9289937304681
23.6400000000000	69.8964762834480
23.6800000000000	69.8639803130492
23.7200000000000	69.8315057951442
23.7600000000000	69.7990527056416
23.8000000000000	69.7666210204855
23.8400000000000	69.7342107156553
23.8800000000000	69.7018217671661
23.9200000000000	69.6694541510685
23.9600000000000	69.6371078434482
24	69.6047828204263
24.0400000000000	69.5724790581593
24.0800000000000	69.5401965328386
24.1200000000000	69.5079352206907
24.1600000000000	69.4756950979772
24.2000000000000	69.4434761409948
24.2400000000000	69.4112783260749
24.2800000000000	69.3791016295837
24.3200000000000	69.3469460279224
24.3600000000000	69.3148114975266
24.4000000000000	69.2826980148668
24.4400000000000	69.2506055564479
24.4800000000000	69.2185340988094
24.5200000000000	69.1864836185254
24.5600000000000	69.1544540922039
24.6000000000000	69.1224454964878
24.6400000000000	69.0904578080539
24.6800000000000	69.0584910036133
24.7200000000000	69.0265450599112
24.7600000000000	68.9946199537269
24.8000000000000	68.9627156618738
24.8400000000000	68.9308321611990
24.8800000000000	68.8989694285837
24.9200000000000	68.8671274409428
24.9600000000000	68.8353061752251
25	68.8035056084130
25.0400000000000	68.7717257175224
25.0800000000000	68.7399664796031
25.1200000000000	68.7082278717382
25.1600000000000	68.6765098710441
25.2000000000000	68.6448124546710
25.2400000000000	68.4772577930431
25.2800000000000	68.2709973804649
25.3200000000000	68.0648700393106
25.3600000000000	67.8588752838054
25.4000000000000	67.6530126292769
25.4400000000000	67.4472815921498
25.4800000000000	67.2416816899419
25.5200000000000	67.0362124412592
25.5600000000000	66.8308733657909
25.6000000000000	66.6256639843056
25.6400000000000	66.4205838186462
25.6800000000000	66.2156323917255
25.7200000000000	66.0108092275218
25.7600000000000	65.8061138510741
25.8000000000000	65.6015457884783
25.8400000000000	65.3971045668821
25.8800000000000	65.1927897144811
25.9200000000000	64.9886007605142
25.9600000000000	64.7845372352591
26	64.5805986700284
26.0400000000000	64.3767845971652
26.0800000000000	64.1730945500386
26.1200000000000	63.9695280630397
26.1600000000000	63.7660846715773
26.2000000000000	63.5627639120738
26.2400000000000	63.3595653219612
26.2800000000000	63.1564884396766
26.3200000000000	62.9535328046584
26.3600000000000	62.7506979573423
26.4000000000000	62.5479834391571
26.4400000000000	62.3453887925206
26.4800000000000	62.1429135608362
26.5200000000000	61.9405572884881
26.5600000000000	61.7383195208383
26.6000000000000	61.5361998042219
26.6400000000000	61.3341976859440
26.6800000000000	61.1323127142753
26.7200000000000	60.9305444384486
26.7600000000000	60.7288924086550
26.8000000000000	60.5273561760403
26.8400000000000	60.3259352927011
26.8800000000000	60.1246293116812
26.9200000000000	59.9234377869681
26.9600000000000	59.7223602734894
27	59.5213963271092
27.0400000000000	59.3205455046244
27.0800000000000	59.1198073637615
27.1200000000000	58.9191814631732
27.1600000000000	58.7186673624347
27.2000000000000	58.5182646220405
27.2400000000000	58.3179728034010
27.2800000000000	58.1177914688394
27.3200000000000	57.9177201815881
27.3600000000000	57.7177585057857
27.4000000000000	57.5179060064741
27.4400000000000	57.3181622495945
27.4800000000000	57.1185268019854
27.5200000000000	56.9189992313786
27.5600000000000	56.7195791063968
27.6000000000000	56.5202659965504
27.6400000000000	56.3210594722345
27.6800000000000	56.1219591047262
27.7200000000000	55.9229644661818
27.7600000000000	55.7240751296336
27.8000000000000	55.5252906689877
27.8400000000000	55.3266106590210
27.8800000000000	55.1280346753787
27.9200000000000	54.9295622945715
27.9600000000000	54.7311930939735
28	54.5329266518192
28.0400000000000	54.3347625472013
28.0800000000000	54.1367003600686
28.1200000000000	53.9387396712232
28.1600000000000	53.7408800623187
28.2000000000000	53.5431211989031
28.2400000000000	53.3454645029134
28.2800000000000	53.1479130160732
28.3200000000000	52.9504710549301
28.3600000000000	52.7531451159648
28.4000000000000	52.5559451445014
28.4400000000000	52.3588861610132
28.4800000000000	52.1619902591279
28.5200000000000	51.9652888929991
28.5600000000000	51.7688252379647
28.6000000000000	51.5726562421108
28.6400000000000	51.3768538123873
28.6800000000000	51.1815044549087
28.7200000000000	50.9867446111500
28.7600000000000	50.7927969766795
28.8000000000000	50.5999840316598
28.8400000000000	50.4087520671844
28.8800000000000	50.2196760500589
28.9200000000000	50.0334055276292
28.9600000000000	49.8505180203709
29	49.6713202637721
29.0400000000000	49.4957504723477
29.0800000000000	49.3235117185338
29.1200000000000	49.1542285294040
29.1600000000000	48.9875650299850
29.2000000000000	48.8228281360784
29.2400000000000	48.6599409142473
29.2800000000000	48.4990174687404
29.3200000000000	48.3400502728871
29.3600000000000	48.1829696903322
29.4000000000000	48.0277630363359
29.4400000000000	47.8745071426613
29.4800000000000	47.7231762654792
29.5200000000000	47.5739248545370
29.5600000000000	47.4270077418588
29.6000000000000	47.2824615329784
29.6400000000000	47.1407403260658
29.6800000000000	47.0019289321733
29.7200000000000	46.8660784443595
29.7600000000000	46.7334191610348
29.8000000000000	46.6039985096043
29.8400000000000	46.4775787694906
29.8800000000000	46.3541589651587
29.9200000000000	46.2338717794209
29.9600000000000	46.1168159306767
30	46.0030505895776
30.0400000000000	45.8926087671491
30.0800000000000	45.7855063490119
30.1200000000000	45.6817481235935
30.1600000000000	45.5812236110310
30.2000000000000	45.4837611915701
30.2400000000000	45.3892551003138
30.2800000000000	45.2976558379658
30.3200000000000	45.2089469985759
30.3600000000000	45.1231133886986
30.4000000000000	45.0400486982716
30.4400000000000	44.9598010799839
30.4800000000000	44.8824344875162
30.5200000000000	44.8079935135378
30.5600000000000	44.7365083008977
30.6000000000000	44.6679997809939
30.6400000000000	44.6024832070477
30.6800000000000	44.5399702755630
30.7200000000000	44.4804703952551
30.7600000000000	44.4239914436408
30.8000000000000	44.3705402173049
30.8400000000000	44.3200930129004
30.8800000000000	44.2725174420770
30.9200000000000	44.2276975071527
30.9600000000000	44.1855745020205
31	44.1461269026819
31.0400000000000	44.1093540151367
31.0800000000000	44.0752668080311
31.1200000000000	44.0438827868878
31.1600000000000	44.0152231335119
31.2000000000000	43.9893111119625
31.2400000000000	43.9219201619770
31.2800000000000	43.8893509677107
31.3200000000000	43.8749043430566
31.3600000000000	43.8707846857942
31.4000000000000	43.8732430842045
31.4400000000000	43.8807698877993
31.4800000000000	43.8927441136920
31.5200000000000	43.9088400649592
31.5600000000000	43.9285171868766
31.6000000000000	43.9509714299208
31.6400000000000	43.9757030726357
31.6800000000000	44.0024501130981
31.7200000000000	44.0310767586546
31.7600000000000	44.0615139079552
31.8000000000000	44.0937276196344
31.8400000000000	44.1277024740013
31.8800000000000	44.1634328126206
31.9200000000000	44.2009181317074
31.9600000000000	44.2401606618747
32	44.2811640974989
32.0400000000000	44.3239329301979
32.0800000000000	44.3684720996262
32.1200000000000	44.4147868108925
32.1600000000000	44.4628824394451
32.2000000000000	44.5127644818604
32.2400000000000	44.5644005372536
32.2800000000000	44.6175651672113
32.3200000000000	44.6720484761061
32.3600000000000	44.7277321136882
32.4000000000000	44.7845591105849
32.4400000000000	44.8425045966685
32.4800000000000	44.9015605491003
32.5200000000000	44.9617278471392
32.5600000000000	45.0230121301430
32.6000000000000	45.0854216362333
32.6400000000000	45.1489660736499
32.6800000000000	45.2136560313174
32.7200000000000	45.2795026714174
32.7600000000000	45.3465175697079
32.8000000000000	45.4147126333968
32.8400000000000	45.4841000598088
32.8800000000000	45.5546923165638
32.9200000000000	45.6265021331334
32.9600000000000	45.6995077349849
33	45.7736404597456
33.0400000000000	46.0223665619499
33.0800000000000	46.2699811030509
33.1200000000000	46.5168360023326
33.1600000000000	46.7631292342367
33.2000000000000	47.0089767251946
33.2400000000000	47.2544504906450
33.2800000000000	47.4995989774116
33.3200000000000	47.7444370089265
33.3600000000000	47.9889400517215
33.4000000000000	48.2330916457776
33.4400000000000	48.4768877023859
33.4800000000000	48.7203306325644
33.5200000000000	48.9634262516683
33.5600000000000	49.2061821475612
33.6000000000000	49.4486068203483
33.6400000000000	49.6906732761554
33.6800000000000	49.9320504370872
33.7200000000000	50.1724104031792
33.7600000000000	50.4115600384604
33.8000000000000	50.6494039267668
33.8400000000000	50.8858981025780
33.8800000000000	51.1210256584225
33.9200000000000	51.3547838955995
33.9600000000000	51.5871775538931
34	51.8181841138133
34.0400000000000	52.0477391275371
34.0800000000000	52.2759197152025
34.1200000000000	52.5027899960652
34.1600000000000	52.7283883118006
34.2000000000000	52.9526903532372
34.2400000000000	53.1754917844126
34.2800000000000	53.3969125226868
34.3200000000000	53.6170638975351
34.3600000000000	53.8360145835212
34.4000000000000	54.0538233749764
34.4400000000000	54.2705261295177
34.4800000000000	54.4861752713334
34.5200000000000	54.7007950439757
34.5600000000000	54.9143750379542
34.6000000000000	55.1269125658592
34.6400000000000	55.3384084493849
34.6800000000000	55.5488651000724
34.7200000000000	55.7582856445061
34.7600000000000	55.9666806256480
34.8000000000000	56.1740989112291
34.8400000000000	56.3805901653273
34.8800000000000	56.5861789268387
34.9200000000000	56.7908770709120
34.9600000000000	56.9946910520563
35	57.1976249987808
35.0400000000000	57.3996820375868
35.0800000000000	57.6008021514510
35.1200000000000	57.8009489134983
35.1600000000000	58.0001999515355
35.2000000000000	58.1985946468350
35.2400000000000	58.3961489118053
35.2800000000000	58.5928699515963
35.3200000000000	58.7887617320087
35.3600000000000	58.9838270093301
35.4000000000000	59.1780680852577
35.4400000000000	59.3714870881589
35.4800000000000	59.5641628092072
35.5200000000000	59.7561746195885
35.5600000000000	59.9475146364519
35.6000000000000	60.1381795904922
35.6400000000000	60.3281688423986
35.6800000000000	60.5174827709082
35.7200000000000	60.7061221491342
35.7600000000000	60.8940879029828
35.8000000000000	61.0813810174692
35.8400000000000	61.2680025003500
35.8800000000000	61.4539426044910
35.9200000000000	61.6392132532895
35.9600000000000	61.8239366180979
36	62.0081976902610
36.0400000000000	62.1982422934366
36.0800000000000	62.3957727787182
36.1200000000000	62.5953261119431
36.1600000000000	62.7949732581887
36.2000000000000	62.9939856314506
36.2400000000000	63.1920923704553
36.2800000000000	63.3891940233761
36.3200000000000	63.5852465806019
36.3600000000000	63.7802385998464
36.4000000000000	63.9743354610560
36.4400000000000	64.1676554504186
36.4800000000000	64.3602243781993
36.5200000000000	64.5520479592497
36.5600000000000	64.7431274994038
36.6000000000000	64.9334633317765
36.6400000000000	65.1230555759122
36.6800000000000	65.3119043068040
36.7200000000000	65.5000095927965
36.7600000000000	65.6873715041344
36.8000000000000	65.8739933304043
36.8400000000000	66.0598730982663
36.8800000000000	66.2449979364673
36.9200000000000	66.4293599733355
36.9600000000000	66.6129573483130
37	66.7957897489503
37.0400000000000	66.9778572657703
37.0800000000000	67.1591600968531
37.1200000000000	67.3396984712007
37.1600000000000	67.5194726287382
37.2000000000000	67.6984828150548
37.2400000000000	67.8767292800007
37.2800000000000	68.0542122772997
37.3200000000000	68.2307359316678
37.3600000000000	68.4062995893962
37.4000000000000	68.5810712776163
37.4400000000000	68.7550575780377
37.4800000000000	68.9282591587070
37.5200000000000	69.1006764541559
37.5600000000000	69.2723098919523
37.6000000000000	69.4431599023485
37.6400000000000	69.6132269187005
37.6800000000000	69.7825113774679
37.7200000000000	69.9510137181945
37.7600000000000	70.1187343834880
37.8000000000000	70.2856738189990
37.8400000000000	70.4518324734010
37.8800000000000	70.6172107983695
37.9200000000000	70.7818092485619
37.9600000000000	70.9455454042987
38	71.1083662572058
38.0400000000000	71.2702162223056
38.0800000000000	71.4310749004399
38.1200000000000	71.5910453790422
38.1600000000000	71.7501206106439
38.2000000000000	71.9083031047551
38.2400000000000	72.0655940546399
38.2800000000000	72.2219948280527
38.3200000000000	72.3775067696974
38.3600000000000	72.5321312265009
38.4000000000000	72.6858695444864
38.4400000000000	72.8387230691394
38.4800000000000	72.9906931453601
38.5200000000000	73.1417811174622
38.5600000000000	73.2919883291669
38.6000000000000	73.4413161235976
38.6400000000000	73.5897658432740
38.6800000000000	73.7373388301059
38.7200000000000	73.8840364253882
38.7600000000000	74.0298599697942
38.8000000000000	74.1748108033696
38.8400000000000	74.3188902655271
38.8800000000000	74.4620934700502
38.9200000000000	74.6043759864033
38.9600000000000	74.7457538284620
39	74.8862663373801
39.0400000000000	75.0262590145293
39.0800000000000	75.1661673258645
39.1200000000000	75.3050388671746
39.1600000000000	75.4430769816735
39.2000000000000	75.5802408550395
39.2400000000000	75.7165404763313
39.2800000000000	75.8519755135601
39.3200000000000	75.9865476842190
39.3600000000000	76.1202583068877
39.4000000000000	76.2531087748999
39.4400000000000	76.3851004667676
39.4800000000000	76.5162347627233
39.5200000000000	76.6465130417245
39.5600000000000	76.7759366819721
39.6000000000000	76.9045070608119
39.6400000000000	77.0322255547418
39.6800000000000	77.1590935394011
39.7200000000000	77.2851123895630
39.7600000000000	77.4102834791261
39.8000000000000	77.5346081811068
39.8400000000000	77.6580878676308
39.8800000000000	77.7807239099252
39.9200000000000	77.9025176783104
39.9600000000000	78.0234705421917
40	78.1435838700517
40.0400000000000	78.2628590294416
40.0800000000000	78.3812973869736
40.1200000000000	78.4989003083123
40.1600000000000	78.6156691581672
40.2000000000000	78.7316053002838
40.2400000000000	78.8467100974363
40.2800000000000	78.9609849114187
40.3200000000000	79.0744311030374
40.3600000000000	79.1870500321028
40.4000000000000	79.2988430574210
40.4400000000000	79.4098115367862
40.4800000000000	79.5199568269721
40.5200000000000	79.6292802837244
40.5600000000000	79.7377832617521
40.6000000000000	79.8454671147201
40.6400000000000	79.9523331952408
40.6800000000000	80.0583828548662
40.7200000000000	80.1636174440796
40.7600000000000	80.2680383122881
40.8000000000000	80.3716468078145
40.8400000000000	80.4744442778890
40.8800000000000	80.5764320686415
40.9200000000000	80.6776115250938
40.9600000000000	80.7779839911514
41	80.8775508095959
41.0400000000000	80.9763133220768
41.0800000000000	81.0742728691040
41.1200000000000	81.1714307900397
41.1600000000000	81.2678796912535
41.2000000000000	81.3636687367760
41.2400000000000	81.4588317047465
41.2800000000000	81.5533696058041
41.3200000000000	81.6472823339753
41.3600000000000	81.7405697457872
41.4000000000000	81.8332316984535
41.4400000000000	81.9252680512573
41.4800000000000	82.0166786655888
41.5200000000000	82.1074634049335
41.5600000000000	82.1976221348578
41.6000000000000	82.2871547229945
41.6400000000000	82.3760610390287
41.6800000000000	82.4642894568424
41.7200000000000	82.5518130626179
41.7600000000000	82.6387602060731
41.8000000000000	82.7250543194390
41.8400000000000	82.8107404959219
41.8800000000000	82.8957920112874
41.9200000000000	82.9802243044004
41.9600000000000	83.0640282029440
42	83.1472088260001
42.0400000000000	83.2297630437293
42.0800000000000	83.3116924661175
42.1200000000000	83.3929959987189
42.1600000000000	83.4736740862456
42.2000000000000	83.5537263063771
42.2400000000000	83.6331527268606
42.2800000000000	83.7119531440893
42.3200000000000	83.7901275080504
42.3600000000000	83.8676756863576
42.4000000000000	83.9445975945760
42.4400000000000	84.0208931245787
42.4800000000000	84.0965621837002
42.5200000000000	84.1716046734151
42.5600000000000	84.2460205008597
42.6000000000000	84.3198095726051
42.6400000000000	84.3929717979751
42.6800000000000	84.4655070872557
42.7200000000000	84.5374153526257
42.7600000000000	84.6086965076448
42.8000000000000	84.6793504675024
42.8400000000000	84.7493771488672
42.8800000000000	84.8187764699457
42.9200000000000	84.8875483504318
42.9600000000000	84.9556927115124
43	85.0232094758449
43.0400000000000	85.0900985675483
43.0800000000000	85.1563599121880
43.1200000000000	85.2219934367637
43.1600000000000	85.2869990696952
43.2000000000000	85.3513767408099
43.2400000000000	85.4151263813291
43.2800000000000	85.4782479238551
43.3200000000000	85.5407413023576
43.3600000000000	85.6026064521607
43.4000000000000	85.6638433099296
43.4400000000000	85.7244518136573
43.4800000000000	85.7844319026513
43.5200000000000	85.8437835175206
43.5600000000000	85.9025066001622
43.6000000000000	85.9606010937479
43.6400000000000	86.0180669427109
43.6800000000000	86.0749040927332
43.7200000000000	86.1311124907313
43.7600000000000	86.1866920848439
43.8000000000000	86.2416428244181
43.8400000000000	86.2959646599962
43.8800000000000	86.3496575433030
43.9200000000000	86.4027214272314
43.9600000000000	86.4551562658305
44	86.5069620142913
44.0400000000000	86.5581386289339
44.0800000000000	86.6086860671943
44.1200000000000	86.6586042876110
44.1600000000000	86.7078932498117
44.2000000000000	86.7565529145003
44.2400000000000	86.8045832434433
44.2800000000000	86.8519841994568
44.3200000000000	86.8987557463934
44.3600000000000	86.9448978491283
44.4000000000000	86.9904104735470
44.4400000000000	87.0352935865313
44.4800000000000	87.0795471559463
44.5200000000000	87.1231711506273
44.5600000000000	87.1661655403663
44.6000000000000	87.2085302958990
44.6400000000000	87.2502653888915
44.6800000000000	87.2913707919269
44.7200000000000	87.3318464784923
44.7600000000000	87.3716924229653
44.8000000000000	87.4109086006013
44.8400000000000	87.4494949875194
44.8800000000000	87.4874515606901
44.9200000000000	87.5247782979215
44.9600000000000	87.5614751778462
45	87.5975421799082
45.0400000000000	87.6329792843494
45.0800000000000	87.6677864721968
45.1200000000000	87.7019637252489
45.1600000000000	87.7355110260629
45.2000000000000	87.7684283579409
45.2400000000000	87.8007157049172
45.2800000000000	87.8323730517449
45.3200000000000	87.8634003838828
45.3600000000000	87.8937976874821
45.4000000000000	87.9235649493730
45.4400000000000	87.9527021570521
45.4800000000000	87.9812092986685
45.5200000000000	88.0090863630111
45.5600000000000	88.0363333394953
45.6000000000000	88.0629502181495
45.6400000000000	88.0889369896025
45.6800000000000	88.1142936450698
45.7200000000000	88.1390201763407
45.7600000000000	88.1631165757650
45.8000000000000	88.1865828362398
45.8400000000000	88.2094189511965
45.8800000000000	88.2316249145875
45.9200000000000	88.2532007208730
45.9600000000000	88.2741463650080
46	88.2944618424288
46.0400000000000	88.3141471490405
46.0800000000000	88.3332022812029
46.1200000000000	88.3516272357183
46.1600000000000	88.3694220098175
46.2000000000000	88.3865866011475
46.2400000000000	88.4031210077575
46.2800000000000	88.4190252280864
46.3200000000000	88.4342992609495
46.3600000000000	88.4489431055250
46.4000000000000	88.4629567613414
46.4400000000000	88.4763402282641
46.4800000000000	88.4890935064822
46.5200000000000	88.5012165964955
46.5600000000000	88.5127094991013
46.6000000000000	88.5235722153814
46.6400000000000	88.5338047466888
46.6800000000000	88.5434070946347
46.7200000000000	88.5523792610753
46.7600000000000	88.5607212480989
46.8000000000000	88.5684330580126
46.8400000000000	88.5755146933289
46.8800000000000	88.5819661567533
46.9200000000000	88.5877874511707
46.9600000000000	88.5929785796322
47	88.5975395453425
47.0400000000000	88.6014703516464
47.0800000000000	88.6047710020157
47.1200000000000	88.5905209810300
47.1600000000000	88.5796139352207
47.2000000000000	88.5520437637269
47.2400000000000	88.5289208337702
47.2800000000000	88.5046226718538
47.3200000000000	88.4804439030624
47.3600000000000	88.4560640556425
47.4000000000000	88.4315623103736
47.4400000000000	88.4069183511349
47.4800000000000	88.3821370241497
47.5200000000000	88.3572167028025
47.5600000000000	88.3321574281935
47.6000000000000	88.3069587842092
47.6400000000000	88.2816204599693
47.6800000000000	88.2561420987970
47.7200000000000	88.2305233392710
47.7600000000000	88.2047638038431
47.8000000000000	88.1788631019640
47.8400000000000	88.1528208291381
47.8800000000000	88.1266365671335
47.9200000000000	88.1003098838571
47.9600000000000	88.0738403333259
48	88.0472274556078
48.0400000000000	88.0204707767691
48.0800000000000	87.9935698088187
48.1200000000000	87.9665240496505
48.1600000000000	87.9393329829848
48.2000000000000	87.9119960783079
48.2400000000000	87.8845127908100
48.2800000000000	87.8568825613212
48.3200000000000	87.8291048162464
48.3600000000000	87.8011789674982
48.4000000000000	87.7731044124281
48.4400000000000	87.7448805337563
48.4800000000000	87.7165066994991
48.5200000000000	87.6879822628952
48.5600000000000	87.6593065623300
48.6000000000000	87.6304789212583
48.6400000000000	87.6014986481245
48.6800000000000	87.5723650362819
48.7200000000000	87.5430773639097
48.7600000000000	87.5136348939279
48.8000000000000	87.4840368739109
48.8400000000000	87.4542825359984
48.8800000000000	87.4243710968055
48.9200000000000	87.3945791385855
48.9600000000000	87.3668179196830
49	87.3413576673331
49.0400000000000	87.3181843520805
49.0800000000000	87.2973023618878
49.1200000000000	87.2787085886470
49.1600000000000	87.2624033360984
49.2000000000000	87.2483856862815
49.2400000000000	87.2366554860570
49.2800000000000	87.2272124884941
49.3200000000000	87.2200567277408
49.3600000000000	87.2151883546021
49.4000000000000	87.2126077098936
49.4400000000000	87.2123152921416
49.4800000000000	87.2143117726332
49.5200000000000	87.2185979891156
49.5600000000000	87.2251749492292
49.6000000000000	87.2340438295044
49.6400000000000	87.2452059764305
49.6800000000000	87.2586629065855
49.7200000000000	87.2744163072300
49.7600000000000	87.2924680367082
49.8000000000000	87.3128201249656
49.8400000000000	87.3354747740361
49.8800000000000	87.3604343585712
49.9200000000000	87.3877014263743
49.9600000000000	87.4172786989596
50	87.4491690721259
50.0400000000000	87.4833756165513
50.0800000000000	87.5199015784039
50.1200000000000	87.5587503799738
50.1600000000000	87.5999256203219
50.2000000000000	87.6434310759497
50.2400000000000	87.6892707014866
50.2800000000000	87.7374486303983
50.3200000000000	87.7879691757135
50.3600000000000	87.8408368307709
50.4000000000000	87.8960562699866
50.4400000000000	87.9536323496405
50.4800000000000	88.0135701086838
50.5200000000000	88.0758747695668
50.5600000000000	88.1405517390866
50.6000000000000	88.2076066092566
50.6400000000000	88.2770451581955
50.6800000000000	88.3488733510386
50.7200000000000	88.4230973408692
50.7600000000000	88.4997234696718
50.8000000000000	88.5787582693068
50.8400000000000	88.6602084625063
50.8800000000000	88.7440809638921
50.9200000000000	88.8303828810151
50.9600000000000	88.9191215154168
51	89.0103043637134
51.0400000000000	89.1039391187010
51.0800000000000	89.2000336704846
51.1200000000000	89.2985961076284
51.1600000000000	89.3996347183293
51.2000000000000	89.5031579916129
51.2400000000000	89.6091746185528
51.2800000000000	89.7176934935124
51.3200000000000	89.8287237154101
51.3600000000000	89.9419306346860
51.4000000000000	90.0573941527499
51.4400000000000	90.1739489206006
51.4800000000000	90.2928975071491
51.5200000000000	90.4127312675254
51.5600000000000	90.5351293374676
51.6000000000000	90.6581791967399
51.6400000000000	90.7839882283037
51.6800000000000	90.9101955626263
51.7200000000000	91.0393716651208
51.7600000000000	91.1686846384811
51.8000000000000	91.3011761165701
51.8400000000000	91.4335519561538
51.8800000000000	91.5692973949646
51.9200000000000	91.7047038576606
51.9600000000000	91.8436313197563
52	91.9820467893263
52.0400000000000	92.1240746223008
52.0800000000000	92.2654864575109
52.1200000000000	92.4105259308666
52.1600000000000	92.5549270400902
52.2000000000000	92.7028866006805
52.2400000000000	92.8502706762495
52.2800000000000	93.0010611463407
52.3200000000000	93.1514174161038
52.3600000000000	93.3049571160883
52.4000000000000	93.4582657019519
52.4400000000000	93.6144844041997
52.4800000000000	93.7707133034734
52.5200000000000	93.9295541746249
52.5600000000000	94.0886584899356
52.6000000000000	94.2500776940854
52.6400000000000	94.4120011471512
52.6800000000000	94.5759653925883
52.7200000000000	94.7406435693075
52.7600000000000	94.9071263765911
52.8000000000000	95.0744907706263
52.8400000000000	95.2434684576495
52.8800000000000	95.4134503226224
52.9200000000000	95.5848985970096
52.9600000000000	95.7574318627679
53	95.9313235658157
53.0400000000000	96.1063464867861
53.0800000000000	96.2826506077008
53.1200000000000	96.4601062164967
53.1600000000000	96.6387879506135
53.2000000000000	96.8186236556210
53.2400000000000	96.9996451067259
53.2800000000000	97.1818118537670
53.3200000000000	97.3651329802708
53.3600000000000	97.5495843324176
53.4000000000000	97.7351638478492
53.4400000000000	97.9218552011332
53.4800000000000	98.1096512819699
53.5200000000000	98.2597891725187
53.5600000000000	98.4038295868699
53.6000000000000	98.5235116009867
53.6400000000000	98.6434182785307
53.6800000000000	98.7632571158658
53.7200000000000	98.8828448944740
53.7600000000000	99.2698976374773
53.8000000000000	99.4402646587465
53.8400000000000	99.5453962798018
53.8800000000000	99.6296349853068
53.9200000000000	99.7089142140319
53.9600000000000	99.7870739791597
54	99.8641920396325
54.0400000000000	99.9401373705903
54.0800000000000	100.014987131155
54.1200000000000	100.088841559043
54.1600000000000	100.161693712226
54.2000000000000	100.233532996153
54.2400000000000	100.304348062144
54.2800000000000	100.373839837764
54.3200000000000	100.441609512262
54.3600000000000	100.507375859096
54.4000000000000	100.570685165912
54.4400000000000	100.546530420568
54.4800000000000	100.494108690668
54.5200000000000	100.436702702582
54.5600000000000	100.373025080475
54.6000000000000	100.303093666949
54.6400000000000	100.227007014414
54.6800000000000	100.144878727178
54.7200000000000	100.056987201360
54.7600000000000	99.9635294945890
54.8000000000000	99.8646350619227
54.8400000000000	99.7604247766290
54.8800000000000	99.6510427976929
54.9200000000000	99.5364946544296
54.9600000000000	99.4167170607763
55	99.2918050899691
55.0400000000000	99.1619592129512
55.0800000000000	99.0274394338831
55.1200000000000	98.8887024913762
55.1600000000000	98.7465153578558
55.2000000000000	98.6014162219638
55.2400000000000	98.4537292837041
55.2800000000000	98.3037018608254
55.3200000000000	98.1515528699187
55.3600000000000	97.9974923820918
55.4000000000000	97.8417311048973
55.4400000000000	97.6844848280070
55.4800000000000	97.5259750283415
55.5200000000000	97.3664186395164
55.5600000000000	97.2060969652078
55.6000000000000	97.0452725387882
55.6400000000000	96.8841261586274
55.6800000000000	96.7227835240955
55.7200000000000	96.5613340991850
55.7600000000000	96.3998427421123
55.8000000000000	96.2383573560730
55.8400000000000	96.0769134082832
55.8800000000000	95.9155371791384
55.9200000000000	95.7542482344651
55.9600000000000	95.5930611498237
56	95.4319867414301
56.0400000000000	95.2710331145981
56.0800000000000	95.1102063312494
56.1200000000000	94.9495108871499
56.1600000000000	94.7889500754629
56.2000000000000	94.6285262655441
56.2400000000000	94.4682411178877
56.2800000000000	94.3080971655686
56.3200000000000	94.1480958340419
56.3600000000000	93.9882367548337
56.4000000000000	93.8285195604432
56.4400000000000	93.6689438843386
56.4800000000000	93.5095093609536
56.5200000000000	93.3502156256836
56.5600000000000	93.1910623148827
56.6000000000000	93.0320490658592
56.6400000000000	92.8731755168729
56.6800000000000	92.7144413071310
56.7200000000000	92.5558460767847
56.7600000000000	92.3973894669258
56.8000000000000	92.2390711195831
56.8400000000000	92.0808906777186
56.8800000000000	91.9228477852248
56.9200000000000	91.7649420869203
56.9600000000000	91.6071732285471
57	91.4495408567667
57.0400000000000	91.2920446191569
57.0800000000000	91.1346841642083
57.1200000000000	90.9774591413210
57.1600000000000	90.8203692008009
57.2000000000000	90.6634139938570
57.2400000000000	90.5065931725973
57.2800000000000	90.3499063900260
57.3200000000000	90.1933533000399
57.3600000000000	90.0369335574252
57.4000000000000	89.8806468178540
57.4400000000000	89.7244927378816
57.4800000000000	89.5684709749423
57.5200000000000	89.4125811873472
57.5600000000000	89.2568230342800
57.6000000000000	89.1011961757944
57.6400000000000	88.9457002728106
57.6800000000000	88.7903349871125
57.7200000000000	88.6350999813437
57.7600000000000	88.4799949190052
57.8000000000000	88.3250194644518
57.8400000000000	88.1701732828890
57.8800000000000	88.0154560403697
57.9200000000000	87.8608674037917
57.9600000000000	87.7064070408937
58	87.5520746202529
58.0400000000000	87.3978698112817
58.0800000000000	87.2437922842245
58.1200000000000	87.0898417101549
58.1600000000000	86.9360177609723
58.2000000000000	86.7823201093993
58.2400000000000	86.6287484289783
58.2800000000000	86.4753023940687
58.3200000000000	86.3219816798440
58.3600000000000	86.1687859622884
58.4000000000000	86.0157149181942
58.4400000000000	85.8627682251590
58.4800000000000	85.7099455615822
58.5200000000000	85.5572466066625
58.5600000000000	85.4046710403948
58.6000000000000	85.2522185435672
58.6400000000000	85.0998887977587
58.6800000000000	84.9476814853354
58.7200000000000	84.7955962894481
58.7600000000000	84.6436328940298
58.8000000000000	84.4917909837921
58.8400000000000	84.3400702442229
58.8800000000000	84.1884703615833
58.9200000000000	84.0369910229050
58.9600000000000	83.8856319159873
59	83.7343927293945
59.0400000000000	83.5832731524528
59.0800000000000	83.4322728752479
59.1200000000000	83.2813915886222
59.1600000000000	83.1306289841716
59.2000000000000	82.9799847542435
59.2400000000000	82.8294585919333
59.2800000000000	82.6790501910822
59.3200000000000	82.5287592462746
59.3600000000000	82.3785854528347
59.4000000000000	82.2285285068246
59.4400000000000	82.0785881050413
59.4800000000000	81.9287639450140
59.5200000000000	81.7790557250014
59.5600000000000	81.6294631439894
59.6000000000000	81.4799859016879
59.6400000000000	81.3306236985290
59.6800000000000	81.1813762356634
59.7200000000000	81.0322432149588
59.7600000000000	80.8832243389963
59.8000000000000	80.7343193110690
59.8400000000000	80.5855278351783
59.8800000000000	80.4368496160320
59.9200000000000	80.2882843590416
59.9600000000000	80.1398317703198
60	79.9914915566779
60.0400000000000	79.8432634256235
60.0800000000000	79.6951470853575
60.1200000000000	79.5471422447721
60.1600000000000	79.3992486134483
60.2000000000000	79.2514659016530
60.2400000000000	79.1037938203371
60.2800000000000	78.9562320811325
60.3200000000000	78.8087803963502
60.3600000000000	78.6614384789773
60.4000000000000	78.5142060426749
60.4400000000000	78.3670828017760
60.4800000000000	78.2200684712824
60.5200000000000	78.0731627668626
60.5600000000000	77.9263654048498
60.6000000000000	77.7796761022388
60.6400000000000	77.6330945766844
60.6800000000000	77.4866205464984
60.7200000000000	77.3402537306476
60.7600000000000	77.1939938487514
60.8000000000000	77.0478406210794
60.8400000000000	76.9017937685494
60.8800000000000	76.7558530127243
60.9200000000000	76.6100180758109
60.9600000000000	76.4642886806567
61	76.3186645507479
61.0400000000000	76.1731454102074
61.0800000000000	76.0277309837922
61.1200000000000	75.8824209968913
61.1600000000000	75.7372151755234
61.2000000000000	75.5921132463347
61.2400000000000	75.4471149365965
61.2800000000000	75.3022199742035
61.3200000000000	75.1574280876707
61.3600000000000	75.0127390061322
61.4000000000000	74.8681524593382
61.4400000000000	74.7236681776534
61.4800000000000	74.5792858920544
61.5200000000000	74.4350053341276
61.5600000000000	74.2908262360675
61.6000000000000	74.1467483306739
61.6400000000000	74.0027713513501
61.6800000000000	73.8588950321008
61.7200000000000	73.7151191075299
61.7600000000000	73.5714433128383
61.8000000000000	73.4278673838219
61.8400000000000	73.2843910568697
61.8800000000000	73.1410140689610
61.9200000000000	72.9977361576644
61.9600000000000	72.8545570611347
62	72.7114765181115
62.0400000000000	72.5685499055761
62.0800000000000	72.4264381926210
62.1200000000000	72.2854704510437
62.1600000000000	72.1520231168473
62.2000000000000	72.0577583931723
62.2400000000000	72.0722787432643
62.2800000000000	72.1898609085741
62.3200000000000	72.3167420811803
62.3600000000000	72.4428388392176
62.4000000000000	72.5687771956531
62.4400000000000	72.6945043397039
62.4800000000000	72.8200247885758
62.5200000000000	72.9453384956612
62.5600000000000	73.0704457631144
62.6000000000000	73.1953468672555
62.6400000000000	73.3200420859286
62.6800000000000	73.4445316965913
62.7200000000000	73.5688159764433
62.7600000000000	73.6928952024186
62.8000000000000	73.8167471278273
62.8400000000000	73.9403426941207
62.8800000000000	74.0637263969427
62.9200000000000	74.1869007667776
62.9600000000000	74.3098656384918
63	74.4326213969685
63.0400000000000	74.5551683168026
63.0800000000000	74.6775066938619
63.1200000000000	74.7996368196212
63.1600000000000	74.9215589860645
63.2000000000000	75.0432734847690
63.2400000000000	75.1647806070736
63.2800000000000	75.2860806440487
63.3200000000000	75.4071738865019
63.3600000000000	75.5280606249777
63.4000000000000	75.6487411497579
63.4400000000000	75.7692157508618
63.4800000000000	75.8894847180465
63.5200000000000	76.0095483408077
63.5600000000000	76.1294069083792
63.6000000000000	76.2490607097342
63.6400000000000	76.3685100335845
63.6800000000000	76.4877551683820
63.7200000000000	76.6067964023179
63.7600000000000	76.7256340233239
63.8000000000000	76.8442683190716
63.8400000000000	76.9626995769736
63.8800000000000	77.0809280841835
63.9200000000000	77.1989541275957
63.9600000000000	77.3167779938465
64	77.4343999693136
64.0400000000000	77.5518203401168
64.0800000000000	77.6690393921181
64.1200000000000	77.7860574109221
64.1600000000000	77.9028746818758
64.2000000000000	78.0194914900694
64.2400000000000	78.1359081203363
64.2800000000000	78.2521248572529
64.3200000000000	78.3681419851397
64.3600000000000	78.4839597880607
64.4000000000000	78.5995785498240
64.4400000000000	78.7149985539819
64.4800000000000	78.8302200838313
64.5200000000000	78.9452434224134
64.5600000000000	79.0600688525146
64.6000000000000	79.1746966566660
64.6400000000000	79.2891271171440
64.6800000000000	79.4033605159702
64.7200000000000	79.5173971349121
64.7600000000000	79.6312372554825
64.8000000000000	79.7448811589402
64.8400000000000	79.8583291262901
64.8800000000000	79.9715814382833
64.9200000000000	80.0846383754169
64.9600000000000	80.1975002179350
65	80.3101672458278
65.0400000000000	80.4226397388326
65.0800000000000	80.5349179764334
65.1200000000000	80.6470022378615
65.1600000000000	80.7588928020950
65.2000000000000	80.8705899478595
65.2400000000000	80.9820939536280
65.2800000000000	81.0934050976210
65.3200000000000	81.2044413303700
65.3600000000000	81.3151258498747
65.4000000000000	81.4257018641396
65.4400000000000	81.5360686796633
65.4800000000000	81.6463783756939
65.5200000000000	81.7566351243919
65.5600000000000	81.8668364244422
65.6000000000000	81.9769835248350
65.6400000000000	82.0870755863602
65.6800000000000	82.1971129227368
65.7200000000000	82.3070952173888
65.7600000000000	82.4170224958042
65.8000000000000	82.5268946000575
65.8400000000000	82.6367114702491
65.8800000000000	82.7464729951179
65.9200000000000	82.8561790906267
65.9600000000000	82.9658296589930
66	83.0754246098561
66.0400000000000	83.1849638494400
66.0800000000000	83.2944472860517
66.1200000000000	83.4038748273172
66.1600000000000	83.5132463815591
66.2000000000000	83.6225618571161
66.2400000000000	83.7318211626765
66.2800000000000	83.8410242071168
66.3200000000000	83.9501708995792
66.3600000000000	84.0592611494350
66.4000000000000	84.1682948663022
66.4400000000000	84.2772719600372
66.4800000000000	84.3861923407391
66.5200000000000	84.4950559187479
66.5600000000000	84.6038626046452
66.6000000000000	84.7126123092546
66.6400000000000	84.8213049436410
66.6800000000000	84.9299404191118
66.7200000000000	85.0385186472162
66.7600000000000	85.1470395397455
66.8000000000000	85.2555030087335
66.8400000000000	85.3639089664564
66.8800000000000	85.4722573254328
66.9200000000000	85.5805479984242
66.9600000000000	85.6887808984345
67	85.7969559387108
67.0400000000000	85.9050730327430
67.0800000000000	86.0131320942642
67.1200000000000	86.1211330372505
67.1600000000000	86.2290757759216
67.2000000000000	86.3369602247402
67.2400000000000	86.4447862984127
67.2800000000000	86.5525539118891
67.3200000000000	86.6602629803630
67.3600000000000	86.7679134192719
67.4000000000000	86.8755051442969
67.4400000000000	86.9830380713632
67.4800000000000	87.0905121166402
67.5200000000000	87.1979271965410
67.5600000000000	87.3052832277234
67.6000000000000	87.4125801270891
67.6400000000000	87.5198178117843
67.6800000000000	87.6269961991996
67.7200000000000	87.7341152069702
67.7600000000000	87.8411747529760
67.8000000000000	87.9481747553411
67.8400000000000	88.0551151324350
67.8800000000000	88.1619958028714
67.9200000000000	88.2688166855093
67.9600000000000	88.3755776994523
68	88.4822787640494
68.0400000000000	88.4705566867018
68.0800000000000	88.3680744050139
68.1200000000000	88.3964432301933
68.1600000000000	88.2788393029979
68.2000000000000	88.1413642263547
68.2400000000000	87.9969383917668
68.2800000000000	87.8490154928751
68.3200000000000	87.6990807579335
68.3600000000000	87.5479084146008
68.4000000000000	87.3959491239032
68.4400000000000	87.2434845972560
68.4800000000000	87.0906998089057
68.5200000000000	86.9377205672120
68.5600000000000	86.7846350885129
68.6000000000000	86.6315062625498
68.6400000000000	86.4783791629692
68.6800000000000	86.3252864288065
68.7200000000000	86.1722518532024
68.7600000000000	86.0192927787868
68.8000000000000	85.8664219753921
68.8400000000000	85.7136488897428
68.8800000000000	85.5609804826466
68.9200000000000	85.4084218451977
68.9600000000000	85.2559766585710
69	85.1036475398580
69.0400000000000	84.9514379257216
69.0800000000000	84.7993497186552
69.1200000000000	84.6473833198518
69.1600000000000	84.4955384140040
69.2000000000000	84.3438146865805
69.2400000000000	84.1922118238233
69.2800000000000	84.0407295127452
69.3200000000000	83.8893674411266
69.3600000000000	83.7381252975127
69.4000000000000	83.5870027712113
69.4400000000000	83.4359995522891
69.4800000000000	83.2851153315699
69.5200000000000	83.1343498006312
69.5600000000000	82.9837026518016
69.6000000000000	82.8331735781582
69.6400000000000	82.6827622735240
69.6800000000000	82.5324684324648
69.7200000000000	82.3822917502866
69.7600000000000	82.2322319230336
69.8000000000000	82.0822886474844
69.8400000000000	81.9324616211501
69.8800000000000	81.7827505422717
69.9200000000000	81.6331551098170
69.9600000000000	81.4836750234781
70	81.3343099836692
70.0400000000000	81.1850596915236
70.0800000000000	81.0359238488909
70.1200000000000	80.8869021583350
70.1600000000000	80.7379943231311
70.2000000000000	80.5892000472634
70.2400000000000	80.4405190354222
70.2800000000000	80.2919509930017
70.3200000000000	80.1434956260973
70.3600000000000	79.9951526415031
70.4000000000000	79.8469217467093
70.4400000000000	79.6988026499001
70.4800000000000	79.5507950599505
70.5200000000000	79.4028986864244
70.5600000000000	79.2551132395721
70.6000000000000	79.1074384303273
70.6400000000000	78.9598739703053
70.6800000000000	78.8124195718002
70.7200000000000	78.6650749477827
70.7600000000000	78.5178398118972
70.8000000000000	78.3707138784600
70.8400000000000	78.2236968624564
70.8800000000000	78.0767884795387
70.9200000000000	77.9299884460235
70.9600000000000	77.7832964788896
71	77.6367122957751
71.0400000000000	77.1503087122179
71.0800000000000	76.6642596191480
71.1200000000000	76.1785625318375
71.1600000000000	75.6932149723066
71.2000000000000	75.2082144692743
71.2400000000000	74.7235585581086
71.2800000000000	74.2392447807780
71.3200000000000	73.7552706858031
71.3600000000000	73.2716338282086
71.4000000000000	72.7883317694762
71.4400000000000	72.3053620774976
71.4800000000000	71.8227223265280
71.5200000000000	71.3404100971406
71.5600000000000	70.8584229761811
71.6000000000000	70.3767585567234
71.6400000000000	69.8954144380249
71.6800000000000	69.4143882254834
71.7200000000000	68.9336775305941
71.7600000000000	68.4532799709075
71.8000000000000	67.9731931699873
71.8400000000000	67.4934147573701
71.8800000000000	67.0139423685246
71.9200000000000	66.5347736448127
71.9600000000000	66.0559062334503
72	65.5773377874696
72.0400000000000	65.0990659656820
72.0800000000000	64.6210884326417
72.1200000000000	64.1434028586108
72.1600000000000	63.6660069195246
72.2000000000000	63.1888982969581
72.2400000000000	62.7120746780944
72.2800000000000	62.2355337556927
72.3200000000000	61.7592732280587
72.3600000000000	61.2832907990160
72.4000000000000	60.8075841778781
72.4400000000000	60.3321510794230
72.4800000000000	59.8569892238677
72.5200000000000	59.3820963368462
72.5600000000000	58.9074701493872
72.6000000000000	58.4331083978949
72.6400000000000	57.9590088241313
72.6800000000000	57.4851691752002
72.7200000000000	57.0115872035338
72.7600000000000	56.5382606668815
72.8000000000000	56.0651873283008
72.8400000000000	55.5923649561515
72.8800000000000	55.1197913240920
72.9200000000000	54.6474642110792
72.9600000000000	54.1753814013716
73	53.7035406845361
73.0400000000000	53.2319398554577
73.0800000000000	52.7605767143552
73.1200000000000	52.2894490667992
73.1600000000000	51.8185547237369
73.2000000000000	51.3478915015211
73.2400000000000	50.8774572219452
73.2800000000000	50.4072497122846
73.3200000000000	49.9372668053453
73.3600000000000	49.4675063395188
73.4000000000000	48.9979661588464
73.4400000000000	48.5286441130924
73.4800000000000	48.0595380578256
73.5200000000000	47.5906458545139
73.5600000000000	47.1219653706284
73.6000000000000	46.6534944797626
73.6400000000000	46.1852310617642
73.6800000000000	45.7171730028839
73.7200000000000	45.2493181959415
73.7600000000000	44.7816645405111
73.8000000000000	44.3142099431282
73.8400000000000	43.8469523175207
73.8800000000000	43.3798895848666
73.9200000000000	42.9130196740813
73.9600000000000	42.4463405221387
74	41.9798500744284
74.0400000000000	41.5135462851564
74.0800000000000	41.0474271177910
74.1200000000000	40.5814905455627
74.1600000000000	40.1157345520233
74.2000000000000	39.6501571316728
74.2400000000000	39.1847562906623
74.2800000000000	38.7195300475843
74.3200000000000	38.2544764343615
74.3600000000000	37.7895934972495
74.4000000000000	37.3248792979675
74.4400000000000	36.8603319149788
74.4800000000000	36.3959494449414
74.5200000000000	35.9317300043565
74.5600000000000	35.4676717314449
74.6000000000000	35.0037727882889
74.6400000000000	34.5400313632844
74.6800000000000	34.0764456739528
74.7200000000000	33.6130139701796
74.7600000000000	33.1496738969808
74.8000000000000	32.6864807616187
74.8400000000000	32.2234326081906
74.8800000000000	31.7605274931433
74.9200000000000	31.2977634863041
74.9600000000000	30.8351386720536
75	30.3726511506650
75.0400000000000	29.9102990398349
75.0800000000000	29.4480804764387
75.1200000000000	28.9859936185487
75.1600000000000	28.5240366477612
75.2000000000000	28.0622077718873
75.2400000000000	27.6005052280762
75.2800000000000	27.1389272864508
75.3200000000000	26.6774722543575
75.3600000000000	26.2161384813517
75.4000000000000	25.7549243650722
75.4400000000000	25.2938283581922
75.4800000000000	24.8328489766843
75.5200000000000	24.3719848096963
75.5600000000000	23.9112345314150
75.6000000000000	23.4505969153994
75.6400000000000	22.9900708520033
75.6800000000000	22.5296553696899
75.7200000000000	22.0693496612911
75.7600000000000	21.6091531166016
75.8000000000000	21.1490653631620
75.8400000000000	20.6890863177348
75.8800000000000	20.2292162518900
75.9200000000000	19.7694558764259
75.9600000000000	19.3098064512489
76	18.8502699301392
76.0400000000000	18.3906358595471
76.0800000000000	17.9310921095668
76.1200000000000	17.4716380377862
76.1600000000000	17.0122732531644
76.2000000000000	16.5529976760081
76.2400000000000	16.0938116161199
76.2800000000000	15.6347158758836
76.3200000000000	15.1757118880876
76.3600000000000	14.7168019029553
76.4000000000000	14.2579892461729
76.4400000000000	13.7992786814740
76.4800000000000	13.3406769307814
76.5200000000000	12.8821934379902
76.5600000000000	12.4238415207548
76.6000000000000	11.9656401613553
76.6400000000000	11.5076168921178
76.6800000000000	11.0498126433652
76.7200000000000	10.5922903074009
76.7600000000000	10.1351508194404
76.8000000000000	9.67856574099781
76.8400000000000	9.57148292470737
76.8800000000000	9.56415993681364
76.9200000000000	9.55685233124059
76.9600000000000	9.54956020281214
77	9.54228364682199
77.0400000000000	9.53502275903008
77.0800000000000	9.52777763565902
77.1200000000000	9.52054837339031
77.1600000000000	9.51333506936032
77.2000000000000	9.50613782115616
77.2400000000000	9.49895672681129
77.2800000000000	9.49179188480097
77.3200000000000	9.48464339403751
77.3600000000000	9.47751135386532
77.4000000000000	9.47039586405570
77.4400000000000	9.46329702480151
77.4800000000000	9.45621493671153
77.5200000000000	9.44914970080470
77.5600000000000	9.44210141850402
77.6000000000000	9.43507019163036
77.6400000000000	9.42805612239592
77.6800000000000	9.42105931339752
77.7200000000000	9.41407986760966
77.7600000000000	9.40711788837730
77.8000000000000	9.40017347940839
77.8400000000000	9.39324674476623
77.8800000000000	9.38633778886151
77.9200000000000	9.37944671644406
77.9600000000000	9.37257363259447
78	9.36571864271528
78.0400000000000	9.35888185252209
78.0800000000000	9.35206336803421
78.1200000000000	9.34526329556518
78.1600000000000	9.33848174171297
78.2000000000000	9.33171881334983
78.2400000000000	9.32497461761202
78.2800000000000	9.31824926188905
78.3200000000000	9.31154285381280
78.3600000000000	9.30485550124625
78.4000000000000	9.29818731227196
78.4400000000000	9.29153839518023
78.4800000000000	9.28490885845696
78.5200000000000	9.27829881077121
78.5600000000000	9.27170836096247
78.6000000000000	9.26513761802758
78.6400000000000	9.25858669110738
78.6800000000000	9.25205568947301
78.7200000000000	9.24554472251191
78.7600000000000	9.23905389971353
78.8000000000000	9.23258333065465
78.8400000000000	9.22613312498443
78.8800000000000	9.21970339240916
78.9200000000000	9.21329424267658
78.9600000000000	9.20690578555999
79	9.20053813084196
79.0400000000000	9.19419138829774
79.0800000000000	9.18786566767833
79.1200000000000	9.18156107869321
79.1600000000000	9.17527773099274
79.2000000000000	9.16901573415026
79.2400000000000	9.16277519764381
79.2800000000000	9.15655623083757
79.3200000000000	9.15035894296289
79.3600000000000	9.14418344309908
79.4000000000000	9.13802984015379
79.4400000000000	9.13189824284314
79.4800000000000	9.12578875967144
79.5200000000000	9.11970149891063
79.5600000000000	9.11363656857938
79.6000000000000	9.10759407642190
79.6400000000000	9.10157412988637
79.6800000000000	9.09557683610308
79.7200000000000	9.08960230186229
79.7600000000000	9.08365063359171
79.8000000000000	9.07772193733372
79.8400000000000	9.07181631872225
79.8800000000000	9.06593388295942
79.9200000000000	9.06007473479180
79.9600000000000	9.05423897848644
80	9.04842671780657
80.0400000000000	9.04263805598706
80.0800000000000	9.03687309570960
80.1200000000000	9.03113193907752
80.1600000000000	9.02541468759050
80.2000000000000	9.01972144211890
80.2400000000000	9.01405230287787
80.2800000000000	9.00840736940127
80.3200000000000	9.00278674051527
80.3600000000000	8.99719051431177
80.4000000000000	8.99161878812163
80.4400000000000	8.98607165848762
80.4800000000000	8.98054922113722
80.5200000000000	8.97505157095524
80.5600000000000	8.96957880195617
80.6000000000000	8.96413100725650
80.6400000000000	8.95870827904675
80.6800000000000	8.95331070856344
80.7200000000000	8.94793838606088
80.7600000000000	8.94259140078280
80.8000000000000	8.93726984093400
80.8400000000000	8.93197379365173
80.8800000000000	8.92670334497709
80.9200000000000	8.92145857982634
80.9600000000000	8.91623958196211
81	8.91104643396462
81.0400000000000	8.90587921720283
81.0800000000000	8.90073801180555
81.1200000000000	8.89562289663264
81.1600000000000	8.89053394924609
81.2000000000000	8.88547124588125
81.2400000000000	8.88043486141805
81.2800000000000	8.87542486935225
81.3200000000000	8.87044134176684
81.3600000000000	8.86548434930348
81.4000000000000	8.86055396113406
81.4400000000000	8.85565024493243
81.4800000000000	8.85077326684618
81.5200000000000	8.84592309146872
81.5600000000000	8.84109978181141
81.6000000000000	8.83630339927598
81.6400000000000	8.83153400362712
81.6800000000000	8.82679165296535
81.7200000000000	8.82207640370010
81.7600000000000	8.81738831052308
81.8000000000000	8.81272742638199
81.8400000000000	8.80809380245444
81.8800000000000	8.80348748812234
81.9200000000000	8.79890853094651
81.9600000000000	8.79435697664174
82	8.78983286905224
82.0400000000000	8.78533625012744
82.0800000000000	8.78086715989828
82.1200000000000	8.77642563645393
82.1600000000000	8.77201171591895
82.2000000000000	8.76762543243101
82.2400000000000	8.76326681811899
82.2800000000000	8.75893590308176
82.3200000000000	8.75463271536736
82.3600000000000	8.75035728095283
82.4000000000000	8.74610962372461
82.4400000000000	8.74188976545949
82.4800000000000	8.73769772580624
82.5200000000000	8.73353352226779
82.5600000000000	8.72939717018418
82.6000000000000	8.72528868271606
82.6400000000000	8.72120807082895
82.6800000000000	8.71715534327813
82.7200000000000	8.71313050659435
82.7600000000000	8.70913356507016
82.8000000000000	8.70516452074708
82.8400000000000	8.70122337340344
82.8800000000000	8.69731012054306
82.9200000000000	8.69342475738473
82.9600000000000	8.68956727685243
83	8.68573766956637
83.0400000000000	8.68193592383495
83.0800000000000	8.67816202564742
83.1200000000000	8.67441595866749
83.1600000000000	8.67069770422772
83.2000000000000	8.66700724132487
83.2400000000000	8.66334454661602
83.2800000000000	8.65970959441565
83.3200000000000	8.65610235669357
83.3600000000000	8.65252280307376
83.4000000000000	8.64897090083411
83.4400000000000	8.64544661490707
83.4800000000000	8.64194990788120
83.5200000000000	8.63848074000365
83.5600000000000	8.63503906918355
83.6000000000000	8.63162485099629
83.6400000000000	8.62823803868881
83.6800000000000	8.62487858318568
83.7200000000000	8.62154643309624
83.7600000000000	8.61824153472253
83.8000000000000	8.61496383206821
83.8400000000000	8.61171326684842
83.8800000000000	8.60848977850047
83.9200000000000	8.60529330419547
83.9600000000000	8.60212377885091
84	8.59898113514405
84.0400000000000	8.59586530352626
84.0800000000000	8.59277621223821
84.1200000000000	8.58971378732595
84.1600000000000	8.58667795265784
84.2000000000000	8.58366862994232
84.2400000000000	8.58068573874656
84.2800000000000	8.57772919651588
84.3200000000000	8.57479891859408
84.3600000000000	8.57189481824446
84.4000000000000	8.56901680667171
84.4400000000000	8.56616479304458
84.4800000000000	8.56333868451925
84.5200000000000	8.56053838626349
84.5600000000000	8.55776380148159
84.6000000000000	8.55501483143989
84.6400000000000	8.55229137549311
84.6800000000000	8.54959333111131
84.7200000000000	8.54692059390753
84.7600000000000	8.54427305766604
84.8000000000000	8.54165061437124
84.8400000000000	8.53905315423718
84.8800000000000	8.53648056573756
84.9200000000000	8.53393273563642
84.9600000000000	8.53140954901930
85	8.52891088932490
85.0400000000000	8.52643663837728
85.0800000000000	8.52398667641851
85.1200000000000	8.52156088214177
85.1600000000000	8.51915913272486
85.2000000000000	8.51678130386420
85.2400000000000	8.51442726980906
85.2800000000000	8.51209690339628
85.3200000000000	8.50979007608528
85.3600000000000	8.50750665799340
85.4000000000000	8.50524651793144
85.4400000000000	8.50300952343959
85.4800000000000	8.50079554082356
85.5200000000000	8.49860443519083
85.5600000000000	8.49643607048725
85.6000000000000	8.49429030953372
85.6400000000000	8.49216701406298
85.6800000000000	8.49006604475664
85.7200000000000	8.48798726128219
85.7600000000000	8.48593052233021
85.8000000000000	8.48389568565146
85.8400000000000	8.48188260809421
85.8800000000000	8.47989114564142
85.9200000000000	8.47792115344798
85.9600000000000	8.47597248587789
86	8.47404499654141
86.0400000000000	8.47213853833210
86.0800000000000	8.47025296346379
86.1200000000000	8.46838812350743
86.1600000000000	8.46654386942777
86.2000000000000	8.46472005161990
86.2400000000000	8.46291651994566
86.2800000000000	8.46113312376976
86.3200000000000	8.45936971199578
86.3600000000000	8.45762613310185
86.4000000000000	8.45618843974611
86.4400000000000	8.45547982620203
86.4800000000000	8.45585342493128
86.5200000000000	8.45762669293143
86.5600000000000	8.46089315286506
86.6000000000000	8.46554914691737
86.6400000000000	8.47169889703617
86.6800000000000	8.47956545626970
86.7200000000000	8.48924628437542
86.7600000000000	8.50085439703178
86.8000000000000	8.51428305208911
86.8400000000000	8.52958862490456
86.8800000000000	8.54686739596739
86.9200000000000	8.56618971959202
86.9600000000000	8.58760269007696
87	8.61113307476714
87.0400000000000	8.63679035792045
87.0800000000000	8.66456973269312
87.1200000000000	8.69442196842164
87.1600000000000	8.72625879823867
87.2000000000000	8.76005853635022
87.2400000000000	8.79579861110083
87.2800000000000	8.83344996083836
87.3200000000000	8.87297872589443
87.3600000000000	8.91434761461111
87.4000000000000	8.95751698272415
87.4400000000000	9.00244566874621
87.4800000000000	9.04909162755918
87.5200000000000	9.09741240140614
87.5600000000000	9.14736546294715
87.6000000000000	9.19890845986727
87.6400000000000	9.25199938531760
87.6800000000000	9.30659669362372
87.7200000000000	9.36265937642876
87.7600000000000	9.42014701083563
87.8000000000000	9.47901978817395
87.8400000000000	9.53923852968835
87.8800000000000	9.60076469364613
87.9200000000000	9.66356037700541
87.9600000000000	9.72758831378379
88	9.79281187154478
88.0400000000000	9.85919504690837
88.0800000000000	9.92670246064015
88.1200000000000	9.99529935263619
88.1600000000000	10.0649515769662
88.2000000000000	10.1356255970406
88.2400000000000	10.2072884809080
88.2800000000000	10.2799078966606
88.3200000000000	10.3534521079051
88.3600000000000	10.4278899692570
88.4000000000000	10.5031909218142
88.4400000000000	10.5793249885713
88.4800000000000	10.6562627697434
88.5200000000000	10.7339754379716
88.5600000000000	10.8124347333937
88.6000000000000	10.8916129585624
88.6400000000000	10.9714829732064
88.6800000000000	11.0520181888262
88.7200000000000	11.1331925631256
88.7600000000000	11.2149805942804
88.8000000000000	11.2973573150486
88.8400000000000	11.3802982867268
88.8800000000000	11.4637795929626
88.9200000000000	11.5477778334295
88.9600000000000	11.6322701173744
89	11.7172340570478
89.0400000000000	11.8026477610262
89.0800000000000	11.8884902983919
89.1200000000000	11.9748810247128
89.1600000000000	12.0619894532862
89.2000000000000	12.1499393166819
89.2400000000000	12.2388104946618
89.2800000000000	12.3286523685016
89.3200000000000	12.4194931164190
89.3600000000000	12.5113462013462
89.4000000000000	12.6042149030667
89.4400000000000	12.6980954829831
89.4800000000000	12.7929793913259
89.5200000000000	12.8888548037872
89.5600000000000	12.9857076890527
89.6000000000000	13.0835225487564
89.6400000000000	13.1822829291953
89.6800000000000	13.2819717744175
89.7200000000000	13.3825716693567
89.7600000000000	13.4840650069595
89.8000000000000	13.5864341029080
89.8400000000000	13.6896612743087
89.8800000000000	13.7937288936584
89.9200000000000	13.8986194258872
89.9600000000000	14.0043154538339
90	14.1107996958269
90.0400000000000	14.2180550178748
90.0800000000000	14.3260644421784
90.1200000000000	14.4348111531217
90.1600000000000	14.5442785015310
90.2000000000000	14.6544500077342
90.2400000000000	14.7653093637794
90.2800000000000	14.8768404350562
90.3200000000000	14.9890272614837
90.3600000000000	15.1018540583767
90.4000000000000	15.2153052170636
90.4400000000000	15.3293653053093
90.4800000000000	15.4440190675778
90.5200000000000	15.5371796378528
90.5600000000000	15.5925254077279
90.6000000000000	15.6281254983460
90.6400000000000	15.6601368185202
90.6800000000000	15.6983007709938
90.7200000000000	15.7476510140823
90.7600000000000	15.8128938476053
90.8000000000000	15.8970535903355
90.8400000000000	16.0054122202222
90.8800000000000	16.1422446209135
90.9200000000000	16.3108394676681
90.9600000000000	16.5117049320683
91	16.7435642287867
91.0400000000000	17.0046834410690
91.0800000000000	17.2946706931098
91.1200000000000	17.6120807844500
91.1600000000000	17.9556153827901
91.2000000000000	18.3248985890898
91.2400000000000	18.7168712849838
91.2800000000000	19.1263760787606
91.3200000000000	19.5500461693092
91.3600000000000	19.9857130910197
91.4000000000000	20.4303400713813
91.4400000000000	20.8813753124071
91.4800000000000	21.3372859294760
91.5200000000000	21.7972992621855
91.5600000000000	22.2609999858546
91.6000000000000	22.7283053734120
91.6400000000000	23.1992070558514
91.6800000000000	23.6722595924696
91.7200000000000	23.9079176054962
91.7600000000000	24.3765206236893
91.8000000000000	24.8973844150170
91.8400000000000	25.4351543411658
91.8800000000000	25.9798826653124
91.9200000000000	26.5274772927205
91.9600000000000	27.0755463581104
92	27.6254564853748
92.0400000000000	28.1775302609436
92.0800000000000	28.7324451543355
92.1200000000000	29.2908803404170
92.1600000000000	29.8520090912781
92.2000000000000	30.4159890532029
92.2400000000000	30.9814929414623
92.2800000000000	31.5476707190269
92.3200000000000	32.1139765343554
92.3600000000000	32.6804996145453
92.4000000000000	33.2461429360907
92.4400000000000	33.8074329261589
92.4800000000000	34.3711265733728
92.5200000000000	34.7380964499806
92.5600000000000	34.9046318246425
92.6000000000000	35.0073423034174
92.6400000000000	35.5067256427390
92.6800000000000	35.7062389011018
92.7200000000000	35.7821025184966
92.7600000000000	35.9651531524022
92.8000000000000	36.0775679610777
92.8400000000000	36.1528403019626
92.8800000000000	36.2091216446517
92.9200000000000	36.2554974511603
92.9600000000000	36.2980558775928
93	36.3391879138094
93.0400000000000	36.3797216939580
93.0800000000000	36.4199777902619
93.1200000000000	36.4600860298166
93.1600000000000	36.5001000310957
93.2000000000000	36.5400421711286
93.2400000000000	36.5799218675246
93.2800000000000	36.6197431290541
93.3200000000000	36.6595076984255
93.3600000000000	36.6992163662556
93.4000000000000	36.7388695221210
93.4400000000000	36.7784673862321
93.4800000000000	36.8180101070526
93.5200000000000	36.8574978025187
93.5600000000000	36.8969305774812
93.6000000000000	36.9363085311003
93.6400000000000	36.9756317599879
93.6800000000000	37.0149003595459
93.7200000000000	37.0541144245364
93.7600000000000	37.0932740493270
93.8000000000000	37.1323793279952
93.8400000000000	37.1714303543741
93.8800000000000	37.2104272220721
93.9200000000000	37.2493700244822
93.9600000000000	37.2882237336874
94	37.3269969761178
94.0400000000000	37.3657046278825
94.0800000000000	37.4043508505013
94.1200000000000	37.4429368718508
94.1600000000000	37.4814631113174
94.2000000000000	37.5199297641804
94.2400000000000	37.5583369631741
94.2800000000000	37.5966848233768
94.3200000000000	37.6349734547426
94.3600000000000	37.6732029656172
94.4000000000000	37.7113734637293
94.4400000000000	37.7494850564711
94.4800000000000	37.7875378509788
94.5200000000000	37.8255319541562
94.5600000000000	37.8634674726813
94.6000000000000	37.9013445130091
94.6400000000000	37.9391631813723
94.6800000000000	37.9769235837826
94.7200000000000	38.0146258260305
94.7600000000000	38.0522700136864
94.8000000000000	38.0898562521010
94.8400000000000	38.1273846464055
94.8800000000000	38.1648553015127
94.9200000000000	38.2022683221170
94.9600000000000	38.2396238126952
95	38.2769218775070
95.0400000000000	38.3141626205954
95.0800000000000	38.3513461457873
95.1200000000000	38.3884725566939
95.1600000000000	38.4255419567114
95.2000000000000	38.4625544490212
95.2400000000000	38.4995101365910
95.2800000000000	38.5364091221746
95.3200000000000	38.5732515083129
95.3600000000000	38.6100373973340
95.4000000000000	38.6467668913541
95.4400000000000	38.6834400922780
95.4800000000000	38.7200571017990
95.5200000000000	38.7566180214004
95.5600000000000	38.7931229523548
95.6000000000000	38.8295719957258
95.6400000000000	38.8659652523676
95.6800000000000	38.9023028229259
95.7200000000000	38.9385848078383
95.7600000000000	38.9748113073349
95.8000000000000	39.0109824214385
95.8400000000000	39.0470982499654
95.8800000000000	39.0831588925259
95.9200000000000	39.1191644485244
95.9600000000000	39.1551150171603
96	39.1910106974282
96.0400000000000	39.2268515881188
96.0800000000000	39.2626377878188
96.1200000000000	39.2983693949116
96.1600000000000	39.3340465075783
96.2000000000000	39.3696692237972
96.2400000000000	39.4052376413452
96.2800000000000	39.4407518577976
96.3200000000000	39.4762119705290
96.3600000000000	39.5116180767136
96.4000000000000	39.5469702733257
96.4400000000000	39.5822686571401
96.4800000000000	39.6175133247328
96.5200000000000	39.6527043724811
96.5600000000000	39.6878418965645
96.6000000000000	39.7229259929646
96.6400000000000	39.7579567574662
96.6800000000000	39.7929342856573
96.7200000000000	39.8278586729299
96.7600000000000	39.8627300144801
96.8000000000000	39.8975484053088
96.8400000000000	39.9323139402221
96.8800000000000	39.9670267138318
96.9200000000000	40.0016868205558
96.9600000000000	40.0362943546186
97	40.0708494100516
97.0400000000000	40.1053520806938
97.0800000000000	40.1398024601921
97.1200000000000	40.1742006420017
97.1600000000000	40.2085467193867
97.2000000000000	40.2428407854205
97.2400000000000	40.2770829329861
97.2800000000000	40.3112732547768
97.3200000000000	40.3454118432965
97.3600000000000	40.3794987908600
97.4000000000000	40.4135341895938
97.4400000000000	40.4475181314361
97.4800000000000	40.4814507081377
97.5200000000000	40.5153320112621
97.5600000000000	40.5491621321860
97.6000000000000	40.5829411621000
97.6400000000000	40.6166691920086
97.6800000000000	40.6503463127309
97.7200000000000	40.6839726149010
97.7600000000000	40.7175481889685
97.8000000000000	40.7510731251988
97.8400000000000	40.7845475136735
97.8800000000000	40.8179714442910
97.9200000000000	40.8513450067669
97.9600000000000	40.8846682906342
98	40.9179413852439
98.0400000000000	40.9511643797656
98.0800000000000	40.9843373631876
98.1200000000000	41.0174604243173
98.1600000000000	41.0505336517821
98.2000000000000	41.0835571340293
98.2400000000000	41.1165309593268
98.2800000000000	41.1494552157633
98.3200000000000	41.1823299912489
98.3600000000000	41.2151553735156
98.4000000000000	41.2479314501175
98.4400000000000	41.2806583084311
98.4800000000000	41.3133360356563
98.5200000000000	41.3459647188160
98.5600000000000	41.3785444447571
98.6000000000000	41.4110753001510
98.6400000000000	41.4435573714932
98.6800000000000	41.4759907451047
98.7200000000000	41.5083755071317
98.7600000000000	41.5407117435464
98.8000000000000	41.5729995401473
98.8400000000000	41.6052389825593
98.8800000000000	41.6374301562347
98.9200000000000	41.6695731464531
98.9600000000000	41.7016666151180
99	41.7337083280544
99.0400000000000	41.7656970934699
99.0800000000000	41.7976325056534
99.1200000000000	41.8295144691994
99.1600000000000	41.8613430113469
99.2000000000000	41.8931182078148
99.2400000000000	41.9248401534336
99.2800000000000	41.9565089504910
99.3200000000000	41.9881247040991
99.3600000000000	42.0196875203478
99.4000000000000	42.0511975055686
99.4400000000000	42.0826547660402
99.4800000000000	42.1140594078710
99.5200000000000	42.1454115369524
99.5600000000000	42.1767112589398
99.6000000000000	42.2079586792462
99.6400000000000	42.2391539030396
99.6800000000000	42.2702970352421
99.7200000000000	42.3013881805303
99.7600000000000	42.3324274433359
99.8000000000000	42.3634149278458
99.8400000000000	42.3943507380032
99.8800000000000	42.4252349775082
99.9200000000000	42.4560677498180
99.9600000000000	42.4868491581481
100	42.5175793054726