0	0
0.0400000000000000	0.174138608940887
0.0800000000000000	0.292367513446520
0.120000000000000	0.372848217068798
0.160000000000000	0.437796316340925
0.200000000000000	0.501697057739842
0.240000000000000	0.565016569221715
0.280000000000000	0.627975166028257
0.320000000000000	0.690679667678360
0.360000000000000	0.753129917529079
0.400000000000000	0.815325768666140
0.440000000000000	0.877267083917777
0.480000000000000	0.938953735867257
0.520000000000000	1.00038560686410
0.560000000000000	1.06156258903399
0.600000000000000	1.12248458428735
0.640000000000000	1.18298681613290
0.680000000000000	1.24301121627666
0.720000000000000	1.30256122023697
0.760000000000000	1.36164024418543
0.800000000000000	1.42025168496995
0.840000000000000	1.47839892013936
0.880000000000000	1.53608530796961
0.920000000000000	1.59331418749134
0.960000000000000	1.65008887851907
1	1.70634909069142
1.04000000000000	1.76198030691048
1.08000000000000	1.81698314935375
1.12000000000000	1.87136785400657
1.16000000000000	1.92514441735824
1.20000000000000	1.97832260390237
1.24000000000000	2.03091195334301
1.28000000000000	2.08292178752000
1.32000000000000	2.13436121706695
1.36000000000000	2.18523914781409
1.40000000000000	2.23555552831290
1.44000000000000	2.28519511784471
1.48000000000000	2.33414198547567
1.52000000000000	2.38241024530881
1.56000000000000	2.43001359706155
1.60000000000000	2.47696534232518
1.64000000000000	2.52327840002640
1.68000000000000	2.56896532113758
1.72000000000000	2.61403830267966
1.76000000000000	2.65850920105820
1.80000000000000	2.70238954477079
1.84000000000000	2.74569054652113
1.88000000000000	2.78841516128726
1.92000000000000	2.83048652537582
1.96000000000000	2.87190184700192
2	2.91267727860648
2.04000000000000	2.95282838466978
2.08000000000000	2.99237017036702
2.12000000000000	3.03131710847973
2.16000000000000	3.06968316468970
2.20000000000000	3.10748182137175
2.24000000000000	3.14472609999173
2.28000000000000	3.18142858220745
2.32000000000000	3.21760142976240
2.36000000000000	3.25325640325476
2.40000000000000	3.28840487985773
2.44000000000000	3.32305787006134
2.48000000000000	3.35718180988604
2.52000000000000	3.39073717074753
2.56000000000000	3.42373799642713
2.60000000000000	3.45619928410764
2.64000000000000	3.48813542566790
2.68000000000000	3.51956024040811
2.72000000000000	3.55048700556713
2.76000000000000	3.58092848480952
2.80000000000000	3.61089695484356
2.84000000000000	3.64040423031667
2.88000000000000	3.66946168712143
2.92000000000000	3.69808028423324
2.96000000000000	3.72627058419027
3	3.75404277231647
3.04000000000000	3.78140667477989
3.08000000000000	3.80837177557053
3.12000000000000	3.83494723247513
3.16000000000000	3.86114189211963
3.20000000000000	3.88696352998640
3.24000000000000	3.91237810995074
3.28000000000000	3.93738324795770
3.32000000000000	3.96198964329979
3.36000000000000	3.98620757853778
3.40000000000000	4.01004694125766
3.44000000000000	4.03351724440907
3.48000000000000	4.05662764533573
3.52000000000000	4.07938696359804
3.56000000000000	4.10180369767982
3.60000000000000	4.12388604066237
3.64000000000000	4.14564189494229
3.68000000000000	4.16707888606266
3.72000000000000	4.18820437572156
3.76000000000000	4.20902547401634
3.80000000000000	4.22954905097737
3.84000000000000	4.24978174744048
3.88000000000000	4.26972998530361
3.92000000000000	4.28939997720925
3.96000000000000	4.30879773569111
4	4.32792908182070
4.04000000000000	4.34679965338618
4.08000000000000	4.36541491263416
4.12000000000000	4.38378015360205
4.16000000000000	4.40190050906716
4.20000000000000	4.41978095713630
4.24000000000000	4.43742632749834
4.28000000000000	4.45481933271505
4.32000000000000	4.47195618415659
4.36000000000000	4.48884277918029
4.40000000000000	4.50544748564180
4.44000000000000	4.52173782537277
4.48000000000000	4.53772270469293
4.52000000000000	4.55341348188526
4.56000000000000	4.56882987287661
4.60000000000000	4.58398090486933
4.64000000000000	4.59887374486424
4.68000000000000	4.61351341543439
4.72000000000000	4.62790444955520
4.76000000000000	4.64205359550063
4.80000000000000	4.65596741475358
4.84000000000000	4.66962837303426
4.88000000000000	4.68302254161176
4.92000000000000	4.69615839428772
4.96000000000000	4.70904400314621
5	4.72170045344083
5.04000000000000	4.73415512215551
5.08000000000000	4.74641461491748
5.12000000000000	4.75848401894787
5.16000000000000	4.77036698220176
5.20000000000000	4.78204045041425
5.24000000000000	4.79350355389158
5.28000000000000	4.80476306912667
5.32000000000000	4.81582543765081
5.36000000000000	4.82669719612907
5.40000000000000	4.83738782954929
5.44000000000000	4.84790330831969
5.48000000000000	4.85824864720445
5.52000000000000	4.86842864132544
5.56000000000000	4.87844787914917
5.60000000000000	4.88825453419178
5.64000000000000	4.89782125012083
5.68000000000000	4.90715798242041
5.72000000000000	4.91627406271252
5.76000000000000	4.92517825112798
5.80000000000000	4.93387878321138
5.84000000000000	4.94236319862393
5.88000000000000	4.95062875173882
5.92000000000000	4.95868486314867
5.96000000000000	4.96654034292995
6	4.97420344363449
6.04000000000000	4.98168190756429
6.08000000000000	4.98898300906134
6.12000000000000	4.99609666455762
6.16000000000000	5.00301994944135
6.20000000000000	5.00976104119412
6.24000000000000	5.01632759368647
6.28000000000000	5.02272678205065
6.32000000000000	5.02896534277289
6.36000000000000	5.03504960960961
6.40000000000000	5.04098554584417
6.44000000000000	5.04677877332723
6.48000000000000	5.05243459868174
6.52000000000000	5.05795803700202
6.56000000000000	5.06335383333175
6.60000000000000	5.06862648216880
6.64000000000000	5.07378024521259
6.68000000000000	5.07881916754265
6.72000000000000	5.08374709239354
6.76000000000000	5.08856767467136
6.80000000000000	5.09328439333951
6.84000000000000	5.09426096091003
6.88000000000000	5.09418374367565
6.92000000000000	5.09410816911279
6.96000000000000	5.09403420254996
7	5.09396181003594
7.04000000000000	5.09389095832534
7.08000000000000	5.09382161486438
7.12000000000000	5.09375374777691
7.16000000000000	5.09368732585079
7.20000000000000	5.09362231852444
7.24000000000000	5.09355869587366
7.28000000000000	5.09349642859871
7.32000000000000	5.09343548801168
7.36000000000000	5.09337584602400
7.40000000000000	5.09331747513431
7.44000000000000	5.09326034841643
7.48000000000000	5.09320443950770
7.52000000000000	5.09314972259744
7.56000000000000	5.09309617241567
7.60000000000000	5.09304376422208
7.64000000000000	5.09299247379516
7.68000000000000	5.09294227742154
7.72000000000000	5.09289315188563
7.76000000000000	5.09284507445935
7.80000000000000	5.09279802289210
7.84000000000000	5.09275197540097
7.88000000000000	5.09270691066109
7.92000000000000	5.09266280779618
7.96000000000000	5.09261964636931
8	5.09257740637382
8.04000000000000	5.09253606822444
8.08000000000000	5.09249561274853
8.12000000000000	5.09245602117762
8.16000000000000	5.09241727513896
8.20000000000000	5.09237935664735
8.24000000000000	5.09234224809711
8.28000000000000	5.09230593225417
8.32000000000000	5.09227039224837
8.36000000000000	5.09223561156591
8.40000000000000	5.09220157404190
8.44000000000000	5.09216826385311
8.48000000000000	5.09213566551087
8.52000000000000	5.09210376385407
8.56000000000000	5.09207254404235
8.60000000000000	5.09204199154940
8.64000000000000	5.09201209215638
8.68000000000000	5.09198283194552
8.72000000000000	5.09195419729384
8.76000000000000	5.09192617486694
8.80000000000000	5.09189875161298
8.84000000000000	5.09187191475679
8.88000000000000	5.09184565179403
8.92000000000000	5.09181995048554
8.96000000000000	5.09179479885176
9	5.09177018516733
9.04000000000000	5.09174609795567
9.08000000000000	5.09172252598383
9.12000000000000	5.09169945825735
9.16000000000000	5.09167688401522
9.20000000000000	5.09165479272501
9.24000000000000	5.09163317407803
9.28000000000000	5.09161201798465
9.32000000000000	5.09159131456965
9.36000000000000	5.09157105416774
9.40000000000000	5.09155122731912
9.44000000000000	5.09153182476513
9.48000000000000	5.09151283744407
9.52000000000000	5.09149425648695
9.56000000000000	5.09147607321352
9.60000000000000	5.09145827912821
9.64000000000000	5.09144086591628
9.68000000000000	5.09142382543997
9.72000000000000	5.09140714973479
9.76000000000000	5.09139083100581
9.80000000000000	5.09137486162413
9.84000000000000	5.09135923412333
9.88000000000000	5.09134394119604
9.92000000000000	5.09132897569058
9.96000000000000	5.09131433060768
10	5.09129999909721
10.0400000000000	5.09128597445506
10.0800000000000	5.09127225012003
10.1200000000000	5.09125881967079
10.1600000000000	5.09124567682295
10.2000000000000	5.09123281542613
10.2400000000000	5.09122022946110
10.2800000000000	5.09120791303706
10.3200000000000	5.09119586038883
10.3600000000000	5.09118406587428
10.4000000000000	5.09117252397162
10.4400000000000	5.09116122927692
10.4800000000000	5.09115017650158
10.5200000000000	5.09113936046986
10.5600000000000	5.09112877611652
10.6000000000000	5.09111841848445
10.6400000000000	5.09110828272238
10.6800000000000	5.09109836408260
10.7200000000000	5.09108865791881
10.7600000000000	5.09107915968393
10.8000000000000	5.09106986492800
10.8400000000000	5.09106076929610
10.8800000000000	5.09105186852635
10.9200000000000	5.09104315844790
10.9600000000000	5.09103463497903
11	5.09102629412523
11.0400000000000	5.09101813197733
11.0800000000000	5.09101014470973
11.1200000000000	5.09100232857856
11.1600000000000	5.09099467991997
11.2000000000000	5.09098719514845
11.2400000000000	5.09097987075511
11.2800000000000	5.09097270330608
11.3200000000000	5.09096568944091
11.3600000000000	5.09095882587097
11.4000000000000	5.09095210937799
11.4400000000000	5.09094553681248
11.4800000000000	5.09093910509231
11.5200000000000	5.09093281120128
11.5600000000000	5.09092665218768
11.6000000000000	5.09092062516293
11.6400000000000	5.09091472730024
11.6800000000000	5.09090895583330
11.7200000000000	5.09090330805495
11.7600000000000	5.09089778131597
11.8000000000000	5.09089237302379
11.8400000000000	5.09088708064133
11.8800000000000	5.09088190168579
11.9200000000000	5.09087683372748
11.9600000000000	5.09087187438871
12	5.09086702134268
12.0400000000000	5.09086227231236
12.0800000000000	5.09085762506948
12.1200000000000	5.09085307743344
12.1600000000000	5.09084862727030
12.2000000000000	5.09084427249183
12.2400000000000	5.09084001105446
12.2800000000000	5.09083584095838
12.3200000000000	5.09083176024660
12.3600000000000	5.09082776700399
12.4000000000000	5.09082385935646
12.4400000000000	5.09082003547000
12.4800000000000	5.09081629354990
12.5200000000000	5.09081263183986
12.5600000000000	5.09080904862117
12.6000000000000	5.09080554221195
12.6400000000000	5.09080211096630
12.6800000000000	5.09079875327359
12.7200000000000	5.09079546755767
12.7600000000000	5.09100527335515
12.8000000000000	5.09475678408248
12.8400000000000	5.10539270527704
12.8800000000000	5.12554452130526
12.9200000000000	5.15720143160449
12.9600000000000	5.20308868677879
13	5.26467326650847
13.0400000000000	5.34287710123004
13.0800000000000	5.43783911139302
13.1200000000000	5.54853350059116
13.1600000000000	5.67356258141121
13.2000000000000	5.81164788268978
13.2400000000000	5.96137130949341
13.2800000000000	6.12130604984403
13.3200000000000	6.29009655440632
13.3600000000000	6.46717537307899
13.4000000000000	6.65349044186959
13.4400000000000	6.84985808014749
13.4800000000000	7.05662676272563
13.5200000000000	7.27387414343989
13.5600000000000	7.50212395511880
13.6000000000000	7.74197248222692
13.6400000000000	7.99377936845936
13.6800000000000	8.25769516087290
13.7200000000000	8.53372479164585
13.7600000000000	8.82177244022767
13.8000000000000	9.12142904160070
13.8400000000000	9.43251971935229
13.8800000000000	9.75497055444571
13.9200000000000	10.0884237919513
13.9600000000000	10.4323379250248
14	10.7850437163775
14.0400000000000	11.1448499446986
14.0800000000000	11.5106807097780
14.1200000000000	11.8819520005040
14.1600000000000	12.2583643573501
14.2000000000000	12.6397815838302
14.2400000000000	13.0261532169370
14.2800000000000	13.4171256181727
14.3200000000000	13.8120513360291
14.3600000000000	14.2110676565655
14.4000000000000	14.6142529610965
14.4400000000000	15.0211765749174
14.4800000000000	15.4311675102012
14.5200000000000	15.8439073185525
14.5600000000000	16.2593443060055
14.6000000000000	16.6775653933404
14.6400000000000	17.0987288792673
14.6800000000000	17.5230292627663
14.7200000000000	17.9527072662990
14.7600000000000	18.3874866874030
14.8000000000000	18.8237677943929
14.8400000000000	19.2607509172449
14.8800000000000	19.6985536620524
14.9200000000000	20.1353143052601
14.9600000000000	20.5697982843459
15	21.0010176415711
15.0400000000000	21.4308226155167
15.0800000000000	21.8603219506839
15.1200000000000	22.2900203340700
15.1600000000000	22.7213144569823
15.2000000000000	23.1552699089366
15.2400000000000	23.5916733535974
15.2800000000000	24.0288047145659
15.3200000000000	24.4671820565122
15.3600000000000	24.9070819793057
15.4000000000000	25.3482396179730
15.4400000000000	25.7913949734590
15.4800000000000	26.2368909914015
15.5200000000000	26.6844464380292
15.5600000000000	27.1346038865822
15.6000000000000	27.5879368084713
15.6400000000000	28.0445152726673
15.6800000000000	28.5041184551075
15.7200000000000	28.9665158716364
15.7600000000000	29.4315299186588
15.8000000000000	29.8992345050799
15.8400000000000	30.3682215013914
15.8800000000000	30.8387662478026
15.9200000000000	31.3125048960870
15.9600000000000	31.7879624772262
16	32.2649809012551
16.0400000000000	32.7434296763296
16.0800000000000	33.2231689149742
16.1200000000000	33.7040641749677
16.1600000000000	34.1859811330553
16.2000000000000	34.6685978476858
16.2400000000000	35.1507639437158
16.2800000000000	35.6319048037732
16.3200000000000	36.1118189594845
16.3600000000000	36.5905254993574
16.4000000000000	37.0680057719637
16.4400000000000	37.5442466837779
16.4800000000000	38.0192348597548
16.5200000000000	38.4929572749606
16.5600000000000	38.9654011988170
16.6000000000000	39.4361924167469
16.6400000000000	39.9049019441439
16.6800000000000	40.3709798939270
16.7200000000000	40.8342873673682
16.7600000000000	41.2946982871528
16.8000000000000	42.4292411232758
16.8400000000000	43.0246117452247
16.8800000000000	43.4466696701765
16.9200000000000	43.8035884427925
16.9600000000000	44.1391008677184
17	44.4664950559861
17.0400000000000	44.7913770615269
17.0800000000000	45.1151240381097
17.1200000000000	45.4378251149672
17.1600000000000	45.7593344978571
17.2000000000000	46.0796443318838
17.2400000000000	46.3983207722314
17.2800000000000	46.7148994912236
17.3200000000000	47.0292143446461
17.3600000000000	47.3410591974953
17.4000000000000	47.6502323157467
17.4400000000000	47.9569775962595
17.4800000000000	48.2612813661772
17.5200000000000	48.5631048832585
17.5600000000000	48.8624122238492
17.6000000000000	49.1591685995576
17.6400000000000	49.4533404401116
17.6800000000000	49.7448953990284
17.7200000000000	50.0338023606084
17.7600000000000	50.3200314461357
17.8000000000000	50.6031202500052
17.8400000000000	50.8824760595087
17.8800000000000	51.1595783316943
17.9200000000000	51.4340679247852
17.9600000000000	51.7060466993201
18	51.9754484337555
18.0400000000000	52.2422647977788
18.0800000000000	52.5064710251624
18.1200000000000	52.7680482020901
18.1600000000000	53.0269772052487
18.2000000000000	53.5126248029996
18.2400000000000	53.8270288577126
18.2800000000000	54.0725317485977
18.3200000000000	54.2840486964292
18.3600000000000	54.4793394128432
18.4000000000000	54.6676067629048
18.4400000000000	54.8520093730062
18.4800000000000	55.0334165091474
18.5200000000000	55.2123412025469
18.5600000000000	55.3891909106585
18.6000000000000	55.5640773375641
18.6400000000000	55.7370448403050
18.6800000000000	55.9080978401734
18.7200000000000	56.0772165123519
18.7600000000000	56.2443975122986
18.8000000000000	56.4094719350937
18.8400000000000	56.5721049486369
18.8800000000000	56.7325166346636
18.9200000000000	56.8908746307001
18.9600000000000	57.0472109609643
19	57.2015362211633
19.0400000000000	57.3537688866560
19.0800000000000	57.5031704263977
19.1200000000000	57.6494483345132
19.1600000000000	57.7923548310023
19.2000000000000	57.9318069597806
19.2400000000000	58.0676747585951
19.2800000000000	58.2000530626053
19.3200000000000	58.3290340686760
19.3600000000000	58.5431729894574
19.4000000000000	58.7022290516633
19.4400000000000	58.8340913946031
19.4800000000000	58.9514635148216
19.5200000000000	59.0601624543332
19.5600000000000	59.1629646313278
19.6000000000000	59.2612832737949
19.6400000000000	59.3558730364538
19.6800000000000	59.4471240701174
19.7200000000000	59.5351915565467
19.7600000000000	59.6201354717826
19.8000000000000	59.7018890497923
19.8400000000000	59.7804253541052
19.8800000000000	59.8555910216519
19.9200000000000	59.9275925216999
19.9600000000000	59.9966068955214
20	60.0626995042804
20.0400000000000	60.1259570769626
20.0800000000000	60.1863433898079
20.1200000000000	60.2438514554172
20.1600000000000	60.2987374590190
20.2000000000000	60.3512118371276
20.2400000000000	60.4012463655026
20.2800000000000	60.4489162942936
20.3200000000000	60.4943197024333
20.3600000000000	60.5374615903807
20.4000000000000	60.5781201053473
20.4400000000000	60.6160084463264
20.4800000000000	60.6512834127076
20.5200000000000	60.6839903627999
20.5600000000000	60.7142666683703
20.6000000000000	60.7420579717736
20.6400000000000	60.7674145528065
20.6800000000000	60.7904240430105
20.7200000000000	60.8111235108136
20.7600000000000	60.8293948625424
20.8000000000000	60.8449305786174
20.8400000000000	60.8579412786596
20.8800000000000	60.8685854380937
20.9200000000000	60.8770509512557
20.9600000000000	60.8836106697873
21	60.8884132816081
21.0400000000000	60.8915175475185
21.0800000000000	60.8929546140489
21.1200000000000	60.8927472211972
21.1600000000000	60.8909162411259
21.2000000000000	60.8874831664224
21.2400000000000	60.8824712289086
21.2800000000000	60.8759060413975
21.3200000000000	60.8678160756346
21.3600000000000	60.8582330897792
21.4000000000000	60.8471925445919
21.4400000000000	60.8347340166499
21.4800000000000	60.8209016012494
21.5200000000000	60.8057442871654
21.5600000000000	60.7893162766501
21.6000000000000	60.7716772160956
21.6400000000000	60.7528922961150
21.6800000000000	60.7330321756322
21.7200000000000	60.7121726846592
21.7600000000000	60.6903942666683
21.8000000000000	60.6677812618831
21.8400000000000	60.6444267335935
21.8800000000000	60.6204240090724
21.9200000000000	60.5958606769571
21.9600000000000	60.5708191744680
22	60.5453769581746
22.0400000000000	60.5196061450806
22.0800000000000	60.4935728990029
22.1200000000000	60.4673366589442
22.1600000000000	60.4409485578568
22.2000000000000	60.4144517158798
22.2400000000000	60.3878828399463
22.2800000000000	60.3612726869431
22.3200000000000	60.3346481809908
22.3600000000000	60.3080360157409
22.4000000000000	60.2814390271584
22.4400000000000	60.2548571999466
22.4800000000000	60.2282905188288
22.5200000000000	60.2017389685483
22.5600000000000	60.1752025338688
22.6000000000000	60.1486811995739
22.6400000000000	60.1221749504672
22.6800000000000	60.0956837713723
22.7200000000000	60.0692076471329
22.7600000000000	60.0427465626125
22.8000000000000	60.0163005026946
22.8400000000000	59.9898694522823
22.8800000000000	59.9634533962990
22.9200000000000	59.9370523196874
22.9600000000000	59.9106662074104
23	59.8842950444503
23.0400000000000	59.8579388158094
23.0800000000000	59.8315975065093
23.1200000000000	59.8052711015916
23.1600000000000	59.7789595861173
23.2000000000000	59.7526629451672
23.2400000000000	59.7263811638412
23.2800000000000	59.7001142272592
23.3200000000000	59.6738621205602
23.3600000000000	59.6476248289030
23.4000000000000	59.6214023374654
23.4400000000000	59.5951946314451
23.4800000000000	59.5690016960586
23.5200000000000	59.5428235165421
23.5600000000000	59.5166600781509
23.6000000000000	59.4905113661597
23.6400000000000	59.4643773658623
23.6800000000000	59.4382580625718
23.7200000000000	59.4121534416203
23.7600000000000	59.3860634883592
23.8000000000000	59.3599881881589
23.8400000000000	59.3339275264090
23.8800000000000	59.3078814885179
23.9200000000000	59.2818500599133
23.9600000000000	59.2558332260416
24	59.2298309723683
24.0400000000000	59.2038432843777
24.0800000000000	59.1778701475732
24.1200000000000	59.1519115474769
24.1600000000000	59.1259674696297
24.2000000000000	59.1000378995912
24.2400000000000	59.0741228229401
24.2800000000000	59.0482222252735
24.3200000000000	59.0223360922073
24.3600000000000	58.9964644093762
24.4000000000000	58.9706071624332
24.4400000000000	58.9447643370504
24.4800000000000	58.9189359189180
24.5200000000000	58.8931218937451
24.5600000000000	58.8673222472591
24.6000000000000	58.8415369652060
24.6400000000000	58.8157660333502
24.6800000000000	58.7900094374745
24.7200000000000	58.7642671633803
24.7600000000000	58.7385391968870
24.8000000000000	58.7128255238328
24.8400000000000	58.6871261300737
24.8800000000000	58.6614410014845
24.9200000000000	58.6357701239578
24.9600000000000	58.6101134834047
25	58.5844710657544
25.0400000000000	58.5588428569543
25.0800000000000	58.5332288429698
25.1200000000000	58.5076290097846
25.1600000000000	58.4820433434004
25.2000000000000	58.4564718298368
25.2400000000000	58.2950310693645
25.2800000000000	58.0948623658099
25.3200000000000	57.8948036595802
25.3600000000000	57.6948545149176
25.4000000000000	57.4950144969669
25.4400000000000	57.2952831717728
25.4800000000000	57.0956601062758
25.5200000000000	56.8961448683102
25.5600000000000	56.6967370266005
25.6000000000000	56.4974361507587
25.6400000000000	56.2982418112809
25.6800000000000	56.0991535795453
25.7200000000000	55.9001710278085
25.7600000000000	55.7012937292032
25.8000000000000	55.5025212577354
25.8400000000000	55.3038531882816
25.8800000000000	55.1052890965863
25.9200000000000	54.9068285592592
25.9600000000000	54.7084711537732
26	54.5102164584611
26.0400000000000	54.3120640525140
26.0800000000000	54.1140135159784
26.1200000000000	53.9160644297543
26.1600000000000	53.7182163755924
26.2000000000000	53.5204689360925
26.2400000000000	53.3228216947013
26.2800000000000	53.1252742357097
26.3200000000000	52.9278261442518
26.3600000000000	52.7304770063022
26.4000000000000	52.5332264086745
26.4400000000000	52.3360739390195
26.4800000000000	52.1390191858234
26.5200000000000	51.9420617384062
26.5600000000000	51.7452011869203
26.6000000000000	51.5484371223488
26.6400000000000	51.3517691365041
26.6800000000000	51.1551968220269
26.7200000000000	50.9587197723847
26.7600000000000	50.7623375818709
26.8000000000000	50.5660498456034
26.8400000000000	50.3698561595242
26.8800000000000	50.1737561203980
26.9200000000000	49.9777493258120
26.9600000000000	49.7818353741748
27	49.5860138647162
27.0400000000000	49.3902843974868
27.0800000000000	49.1946465733574
27.1200000000000	48.9990999940193
27.1600000000000	48.8036442619839
27.2000000000000	48.6082789805828
27.2400000000000	48.4130037539684
27.2800000000000	48.2178181871138
27.3200000000000	48.0227218858136
27.3600000000000	47.8277144566846
27.4000000000000	47.6327955071662
27.4400000000000	47.4379646455220
27.4800000000000	47.2432214808404
27.5200000000000	47.0485656230364
27.5600000000000	46.8539966828526
27.6000000000000	46.6595142718613
27.6400000000000	46.4651180024662
27.6800000000000	46.2708074879044
27.7200000000000	46.0765823422490
27.7600000000000	45.8824421804114
27.8000000000000	45.6883866181439
27.8400000000000	45.4944152720430
27.8800000000000	45.3005277595525
27.9200000000000	45.1067236989670
27.9600000000000	44.9130027094355
28	44.7193644109658
28.0400000000000	44.5258084244284
28.0800000000000	44.3323343715614
28.1200000000000	44.1389418749756
28.1600000000000	43.9456305581593
28.2000000000000	43.7524001922129
28.2400000000000	43.5592538416780
28.2800000000000	43.3661977709387
28.3200000000000	43.1732410967648
28.3600000000000	42.9803980818907
28.4000000000000	42.7876917311922
28.4400000000000	42.5951591887619
28.4800000000000	42.4028597423515
28.5200000000000	42.2108863186415
28.5600000000000	42.0193810816352
28.6000000000000	41.8285544482674
28.6400000000000	41.6387031973287
28.6800000000000	41.4502159159315
28.7200000000000	41.2636229361782
28.7600000000000	41.0797272608181
28.8000000000000	40.8994151573591
28.8400000000000	40.7232855601501
28.8800000000000	40.5512619296421
28.9200000000000	40.3821025671739
28.9600000000000	40.2154700985993
29	40.0511019941086
29.0400000000000	39.8888164339923
29.0800000000000	39.7282555110019
29.1200000000000	39.5695261224431
29.1600000000000	39.4126328466302
29.2000000000000	39.2578649863158
29.2400000000000	39.1053171467747
29.2800000000000	38.9550357392686
29.3200000000000	38.8072209578033
29.3600000000000	38.6617699932847
29.4000000000000	38.5185464909697
29.4400000000000	38.3776609619318
29.4800000000000	38.2394025024183
29.5200000000000	38.1040351594459
29.5600000000000	37.9717541115320
29.6000000000000	37.8427047718696
29.6400000000000	37.7169983386824
29.6800000000000	37.5947401305210
29.7200000000000	37.4760637915802
29.7600000000000	37.3609795282376
29.8000000000000	37.1998846886871
29.8400000000000	37.0721845025755
29.8800000000000	36.9640487781886
29.9200000000000	36.8639836010071
29.9600000000000	36.7692661042489
30	36.6790684516430
30.0400000000000	36.5934459680287
30.0800000000000	36.5119554901297
30.1200000000000	36.4345870120523
30.1600000000000	36.3613484951661
30.2000000000000	36.2922961982757
30.2400000000000	36.2272951690299
30.2800000000000	36.1659394239648
30.3200000000000	36.1082263913714
30.3600000000000	36.0541668889710
30.4000000000000	36.0038879059052
30.4400000000000	35.9574781552388
30.4800000000000	35.9149929287789
30.5200000000000	35.8764670849347
30.5600000000000	35.8419228919026
30.6000000000000	35.8113747452930
30.6400000000000	35.7848319937714
30.6800000000000	35.7623006252678
30.7200000000000	35.7437842710088
30.7600000000000	35.7292848036759
30.8000000000000	35.7188026956109
30.8400000000000	35.7123032772214
30.8800000000000	35.7096306250998
30.9200000000000	35.7106512269403
30.9600000000000	35.7152988396053
31	35.7235500982991
31.0400000000000	35.7354051152497
31.0800000000000	35.7508768218100
31.1200000000000	35.7699851346392
31.1600000000000	35.7927537723438
31.2000000000000	35.8192085239957
31.2400000000000	35.8493175151130
31.2800000000000	35.8830386421816
31.3200000000000	35.9204532171786
31.3600000000000	35.9616295310249
31.4000000000000	36.0066194939576
31.4400000000000	36.0554658487025
31.4800000000000	36.1082062292448
31.5200000000000	36.1648629364023
31.5600000000000	36.2249934865699
31.6000000000000	36.2877656357482
31.6400000000000	36.3526503132105
31.6800000000000	36.4193661839408
31.7200000000000	36.4877651080412
31.7600000000000	36.5577703092854
31.8000000000000	36.6293431943427
31.8400000000000	36.7024655997600
31.8800000000000	36.7771303069904
31.9200000000000	36.8533359780189
31.9600000000000	36.9310844519328
32	37.0103793018853
32.0400000000000	37.0912250648713
32.0800000000000	37.1736268306960
32.1200000000000	37.2575900227433
32.1600000000000	37.3431202811859
32.2000000000000	37.4302234009216
32.2400000000000	37.5188621522539
32.2800000000000	37.6087771950871
32.3200000000000	37.6997241052249
32.3600000000000	37.7915627831795
32.4000000000000	37.8842238574495
32.4400000000000	37.9776757695840
32.4800000000000	38.0719072417039
32.5200000000000	38.1669179326429
32.5600000000000	38.2627134523019
32.6000000000000	38.3593026976859
32.6400000000000	38.4566964275936
32.6800000000000	38.5549064993497
32.7200000000000	38.6539454600980
32.7600000000000	38.7538263283828
32.8000000000000	38.8545624780828
32.8400000000000	38.9561675775301
32.8800000000000	38.9258443542103
32.9200000000000	39.0212722518035
32.9600000000000	39.1441708428564
33	39.2762603828820
33.0400000000000	39.5842362624771
33.0800000000000	39.8908887925088
33.1200000000000	40.1973807840899
33.1600000000000	40.5041653353887
33.2000000000000	40.8113742989288
33.2400000000000	41.1190579309455
33.2800000000000	41.4272589428460
33.3200000000000	41.7359673224253
33.3600000000000	42.0451788481486
33.4000000000000	42.3549062499400
33.4400000000000	42.6651671738718
33.4800000000000	42.9759807128079
33.5200000000000	43.2869573173430
33.5600000000000	43.5979745678035
33.6000000000000	43.9095285651447
33.6400000000000	44.2216213772887
33.6800000000000	44.5337335452322
33.7200000000000	44.8455450367390
33.7600000000000	45.1569162348400
33.8000000000000	45.4678466653771
33.8400000000000	45.7782048406155
33.8800000000000	46.0881474622567
33.9200000000000	46.3978707832604
33.9600000000000	46.7073864492557
34	47.0167100134638
34.0400000000000	47.3258569481619
34.0800000000000	47.6348426986457
34.1200000000000	47.9436826852663
34.1600000000000	48.2523355361404
34.2000000000000	48.5607232356840
34.2400000000000	48.8689183816792
34.2800000000000	49.1770336575791
34.3200000000000	49.4850757113187
34.3600000000000	49.7929841904102
34.4000000000000	50.1003127726392
34.4400000000000	50.4067941233164
34.4800000000000	50.7122866064889
34.5200000000000	51.0168074660836
34.5600000000000	51.3203579960283
34.6000000000000	51.6229409075421
34.6400000000000	51.9245587830868
34.6800000000000	52.2252141984030
34.7200000000000	52.5249097143134
34.7600000000000	52.8236478774138
34.8000000000000	53.1214312202384
34.8400000000000	53.4182622614477
34.8800000000000	53.7141435060127
34.9200000000000	54.0088266876422
34.9600000000000	54.3016679924171
35	54.5939041853436
35.0400000000000	54.8848847462139
35.0800000000000	55.1749866874683
35.1200000000000	55.4640068669786
35.1600000000000	55.7520570404301
35.2000000000000	56.0390846700967
35.2400000000000	56.3251195691074
35.2800000000000	56.6101518673949
35.3200000000000	56.8942453150025
35.3600000000000	57.1774552413542
35.4000000000000	57.4598515408924
35.4400000000000	57.7414440884518
35.4800000000000	58.0222653098002
35.5200000000000	58.3023392123914
35.5600000000000	58.5816925266261
35.6000000000000	58.8603508783497
35.6400000000000	59.1383400601466
35.6800000000000	59.4156856383649
35.7200000000000	59.6924130803620
35.7600000000000	59.9685477258430
35.8000000000000	60.2441148027877
35.8400000000000	60.5191394310243
35.8800000000000	60.7936466289419
35.9200000000000	61.0676613193105
35.9600000000000	61.3412083352184
36	61.6143124258883
36.0400000000000	61.9002328336453
36.0800000000000	62.2159282811846
36.1200000000000	62.5235802718695
36.1600000000000	62.8330475751968
36.2000000000000	63.1397926981820
36.2400000000000	63.4441000554150
36.2800000000000	63.7453280686472
36.3200000000000	64.0438458402521
36.3600000000000	64.3395130544229
36.4000000000000	64.6324310067412
36.4400000000000	64.9225922614437
36.4800000000000	65.2100348487319
36.5200000000000	65.4947782847106
36.5600000000000	65.7768485881735
36.6000000000000	66.0562690829093
36.6400000000000	66.3330635854014
36.6800000000000	66.6072553753003
36.7200000000000	66.8788675148412
36.7600000000000	67.1479227633021
36.8000000000000	67.4144436052379
36.8400000000000	67.6784522487021
36.8800000000000	67.9399706307510
36.9200000000000	68.1990204211991
36.9600000000000	68.4556230266639
37	68.7097995944763
37.0400000000000	68.9615710165384
37.0800000000000	69.2109579331167
37.1200000000000	69.4579807365732
37.1600000000000	69.7026595750356
37.2000000000000	69.9450143560081
37.2400000000000	70.1850647499228
37.2800000000000	70.4228301936341
37.3200000000000	70.6583298938555
37.3600000000000	71.2993263703889
37.4000000000000	71.5992224684040
37.4400000000000	71.7980435381616
37.4800000000000	71.9681243610578
37.5200000000000	72.1366071696755
37.5600000000000	72.3042670046950
37.6000000000000	72.4710095715172
37.6400000000000	72.6368474237006
37.6800000000000	72.8017806599290
37.7200000000000	72.9658107752785
37.7600000000000	73.1289391140501
37.8000000000000	73.2911670355654
37.8400000000000	73.4524958971278
37.8800000000000	73.6129270556934
37.9200000000000	73.7724618677077
37.9600000000000	73.9311016891140
38	74.0888478753470
38.0400000000000	74.2457017813268
38.0800000000000	74.4016647614534
38.1200000000000	74.5566970677417
38.1600000000000	74.7107755539528
38.2000000000000	74.8639734335015
38.2400000000000	75.0162762007864
38.2800000000000	75.1676886974779
38.3200000000000	75.3182116013241
38.3600000000000	75.4678464637995
38.4000000000000	75.6165946565713
38.4400000000000	75.7644575864697
38.4800000000000	75.9114366526840
38.5200000000000	76.0575332550641
38.5600000000000	76.2027487925394
38.6000000000000	76.3470846634005
38.6400000000000	76.4905422652394
38.6800000000000	76.6331229949504
38.7200000000000	76.7748282487202
38.7600000000000	76.9156594220199
38.8000000000000	77.0556179095972
38.8400000000000	77.1947051054675
38.8800000000000	77.3329224029062
38.9200000000000	77.4702711944400
38.9600000000000	77.6067528718390
39	77.7423688261077
39.0400000000000	77.8704649276434
39.0800000000000	77.9856846318662
39.1200000000000	78.1008150726064
39.1600000000000	78.2151033907056
39.2000000000000	78.3285649845044
39.2400000000000	78.4412009375664
39.2800000000000	78.5530125983205
39.3200000000000	78.6640013099416
39.3600000000000	78.7741684146532
39.4000000000000	78.8835152536616
39.4400000000000	78.9920431671488
39.4800000000000	79.0997534942651
39.5200000000000	79.2066475731215
39.5600000000000	79.3127267407819
39.6000000000000	79.4179923332555
39.6400000000000	79.5224021662631
39.6800000000000	79.6258634316880
39.7200000000000	79.7285290504780
39.7600000000000	79.8303560697631
39.8000000000000	79.9313736482029
39.8400000000000	80.0315661775384
39.8800000000000	80.1309455385072
39.9200000000000	80.2295069091408
39.9600000000000	80.3272555047655
40	80.4241905689498
40.0400000000000	80.5203148572170
40.0800000000000	80.6156290776073
40.1200000000000	80.7101351157952
40.1600000000000	80.8038341834413
40.2000000000000	80.8967278703551
40.2400000000000	80.9888175526993
40.2800000000000	81.0801047224544
40.3200000000000	81.1705908058253
40.3600000000000	81.2602772623089
40.4000000000000	81.3491655311651
40.4400000000000	81.4372570600340
40.4800000000000	81.5245532897674
40.5200000000000	81.6110556623702
40.5600000000000	81.6967656168638
40.6000000000000	81.7816857747928
40.6400000000000	81.8658412874113
40.6800000000000	81.9492397745851
40.7200000000000	82.0318917339292
40.7600000000000	82.1137938257205
40.8000000000000	82.1949490463824
40.8400000000000	82.2753575160093
40.8800000000000	82.3550206490490
40.9200000000000	82.4339392822760
40.9600000000000	82.5121145078837
41	82.5895473058418
41.0400000000000	82.6662387047484
41.0800000000000	82.7421897120111
41.1200000000000	82.8174013438740
41.1600000000000	82.8918746125825
41.2000000000000	82.9656105317980
41.2400000000000	83.0386101143050
41.2800000000000	83.1108743729477
41.3200000000000	83.1824043202240
41.3600000000000	83.2532009684334
41.4000000000000	83.3232653295988
41.4400000000000	83.3925984154793
41.4800000000000	83.4612012375473
41.5200000000000	83.5290748069793
41.5600000000000	83.5962201346420
41.6000000000000	83.6626382310796
41.6400000000000	83.7283301065013
41.6800000000000	83.7932967707686
41.7200000000000	83.8575392333827
41.7600000000000	83.9210585034723
41.8000000000000	83.9838555897806
41.8400000000000	84.0459315006537
41.8800000000000	84.1072872440275
41.9200000000000	84.1679238274161
41.9600000000000	84.2278422578994
42	84.2870435421110
42.0400000000000	84.3455286862261
42.0800000000000	84.4032986959495
42.1200000000000	84.4603545765042
42.1600000000000	84.5166973326186
42.2000000000000	84.5723279685157
42.2400000000000	84.6272474879006
42.2800000000000	84.6814568939495
42.3200000000000	84.7349571892976
42.3600000000000	84.7877493760278
42.4000000000000	84.8398344556593
42.4400000000000	84.8912134291360
42.4800000000000	84.9418872968154
42.5200000000000	84.9918570584572
42.5600000000000	85.0411237132119
42.6000000000000	85.0896882596101
42.6400000000000	85.1375516955512
42.6800000000000	85.1847150182920
42.7200000000000	85.2311792244366
42.7600000000000	85.2769453099246
42.8000000000000	85.3220142700209
42.8400000000000	85.3663870993047
42.8800000000000	85.4100647916586
42.9200000000000	85.4530483402585
42.9600000000000	85.4953387375624
43	85.5369369753004
43.0400000000000	85.5778440444638
43.0800000000000	85.6180609352951
43.1200000000000	85.6575886372775
43.1600000000000	85.6964281391244
43.2000000000000	85.7345804287698
43.2400000000000	85.7720464933573
43.2800000000000	85.8088273192310
43.3200000000000	85.8449238919246
43.3600000000000	85.8803371961521
43.4000000000000	85.9150682157973
43.4400000000000	85.9491179339045
43.4800000000000	85.9824873326685
43.5200000000000	86.0151773934249
43.5600000000000	86.0471890966403
43.6000000000000	86.0785234219029
43.6400000000000	86.1091813479130
43.6800000000000	86.1391638524734
43.7200000000000	86.1684719124800
43.7600000000000	86.1971065039124
43.8000000000000	86.2250686018248
43.8400000000000	86.2523591803367
43.8800000000000	86.2789792126236
43.9200000000000	86.3049296709078
43.9600000000000	86.3302115264498
44	86.3548257495389
44.0400000000000	86.3787733094844
44.0800000000000	86.4020551746067
44.1200000000000	86.4246723122286
44.1600000000000	86.4466256886662
44.2000000000000	86.4679162692208
44.2400000000000	86.4885450181695
44.2800000000000	86.5085128987574
44.3200000000000	86.5278208731884
44.3600000000000	86.5464699026174
44.4000000000000	86.5644609471410
44.4400000000000	86.5817949657903
44.4800000000000	86.5984729165215
44.5200000000000	86.6144957562085
44.5600000000000	86.6298644406341
44.6000000000000	86.6445799244823
44.6400000000000	86.6586431613302
44.6800000000000	86.6720551036398
44.7200000000000	86.6848167027501
44.7600000000000	86.6969289088693
44.8000000000000	86.7083926710670
44.8400000000000	86.7192089372662
44.8800000000000	86.7293786542359
44.9200000000000	86.7389027675832
44.9600000000000	86.7477822217456
45	86.7560179599838
45.0400000000000	86.7636109243739
45.0800000000000	86.7705620557999
45.1200000000000	86.7768722939468
45.1600000000000	86.7825425772927
45.2000000000000	86.7875738431016
45.2400000000000	86.7919670274167
45.2800000000000	86.7957230650525
45.3200000000000	86.7988428895882
45.3600000000000	86.8013274333606
45.4000000000000	86.8031776274566
45.4400000000000	86.8043944017070
45.4800000000000	86.8049786846789
45.5200000000000	86.8049314036694
45.5600000000000	86.8042534846984
45.6000000000000	86.8029458525021
45.6400000000000	86.8010094305263
45.6800000000000	86.7984451409195
45.7200000000000	86.7952539045267
45.7600000000000	86.7914366408828
45.8000000000000	86.7869942682056
45.8400000000000	86.7819277033902
45.8800000000000	86.7762378620021
45.9200000000000	86.7699256582708
45.9600000000000	86.7629920050840
46	86.7554378139810
46.0400000000000	86.7472639951465
46.0800000000000	86.7384714574047
46.1200000000000	86.7290611082132
46.1600000000000	86.7190338536570
46.2000000000000	86.7083905984422
46.2400000000000	86.6971322458905
46.2800000000000	86.6852596979334
46.3200000000000	86.6727738551057
46.3600000000000	86.6596756165406
46.4000000000000	86.6459658799635
46.4400000000000	86.6316455416863
46.4800000000000	86.6167154966019
46.5200000000000	86.6011766381787
46.5600000000000	86.5850298584551
46.6000000000000	86.5682760480338
46.6400000000000	86.5509160960766
46.6800000000000	86.5329508902988
46.7200000000000	86.5143813169642
46.7600000000000	86.4952082608794
46.8000000000000	86.4754326053891
46.8400000000000	86.4550552323704
46.8800000000000	86.4340770222280
46.9200000000000	86.4124988538888
46.9600000000000	86.3903216047972
47	86.3675461509100
47.0400000000000	86.3441733666913
47.0800000000000	86.3202041251077
47.1200000000000	86.2938711650001
47.1600000000000	86.2675821333183
47.2000000000000	86.2393088854430
47.2400000000000	86.2113483877669
47.2800000000000	86.1830617931282
47.3200000000000	86.1546255458649
47.3600000000000	86.1259894802407
47.4000000000000	86.0971674059870
47.4400000000000	86.0681548329888
47.4800000000000	86.0389525455995
47.5200000000000	86.0095597618040
47.5600000000000	85.9799761428870
47.6000000000000	85.9502011956257
47.6400000000000	85.9202344522134
47.6800000000000	85.8900754153480
47.7200000000000	85.8597235750948
47.7600000000000	85.8291784035421
47.8000000000000	85.7984393564081
47.8400000000000	85.7675058724429
47.8800000000000	85.7363773735353
47.9200000000000	85.7050532645882
47.9600000000000	85.6735329334682
48	85.6418157509275
48.0400000000000	85.6099010705333
48.0800000000000	85.5777882285919
48.1200000000000	85.5454765440721
48.1600000000000	85.5129653185262
48.2000000000000	85.4802538360099
48.2400000000000	85.4473413629994
48.2800000000000	85.4142271483070
48.3200000000000	85.3809104229944
48.3600000000000	85.3473904002849
48.4000000000000	85.3136662754725
48.4400000000000	85.2797372258294
48.4800000000000	85.2456024105118
48.5200000000000	85.2112609704631
48.5600000000000	85.1767120283156
48.6000000000000	85.1419546882889
48.6400000000000	85.1069880360879
48.6800000000000	85.0718111387972
48.7200000000000	85.0364230447739
48.7600000000000	85.0008227835377
48.8000000000000	84.9650093656601
48.8400000000000	84.9289817826492
48.8800000000000	84.8927390068343
48.9200000000000	84.5747328236554
48.9600000000000	84.1748567717569
49	83.7835158545838
49.0400000000000	83.3912511780926
49.0800000000000	83.0033209662580
49.1200000000000	82.6166074803816
49.1600000000000	82.2327311554057
49.2000000000000	81.8506206718517
49.2400000000000	81.4707962861173
49.2800000000000	81.0932675469771
49.3200000000000	80.7181181824343
49.3600000000000	80.3455458723142
49.4000000000000	79.9757333541385
49.4400000000000	79.6086990239205
49.4800000000000	79.2444357267089
49.5200000000000	78.8829381244362
49.5600000000000	78.5242007566427
49.6000000000000	78.1682181992268
49.6400000000000	77.8149850493689
49.6800000000000	77.4644959268709
49.7200000000000	77.1167454737550
49.7600000000000	76.7717283540701
49.8000000000000	76.4294392536749
49.8400000000000	76.0898728800261
49.8800000000000	75.7530239619692
49.9200000000000	75.4188872495309
49.9600000000000	75.0873903258249
50	74.7584538941980
50.0400000000000	74.4321834831140
50.0800000000000	74.1085909437004
50.1200000000000	73.7876698639539
50.1600000000000	73.4694154253711
50.2000000000000	73.1538226767648
50.2400000000000	72.8408867018683
50.2800000000000	72.5306026010644
50.3200000000000	72.2229611074848
50.3600000000000	71.9178702562944
50.4000000000000	71.6154211667779
50.4400000000000	71.3157130154751
50.4800000000000	71.0187428098272
50.5200000000000	70.7245052332266
50.5600000000000	70.4329949413800
50.6000000000000	70.1442065993691
50.6400000000000	69.8580455403123
50.6800000000000	69.5743613529732
50.7200000000000	69.2927152833776
50.7600000000000	69.0132327885752
50.8000000000000	68.7360623494980
50.8400000000000	68.4612409743222
50.8800000000000	68.1887763906827
50.9200000000000	67.9186687046947
50.9600000000000	67.6509160676378
51	67.3855217042059
51.0400000000000	67.1224778071780
51.0800000000000	66.8617591332425
51.1200000000000	66.6033514534720
51.1600000000000	66.3472499066580
51.2000000000000	66.0934517196125
51.2400000000000	65.8419545892156
51.2800000000000	65.5927563275887
51.3200000000000	65.3458237560388
51.3600000000000	65.1012365486273
51.4000000000000	64.8592061157859
51.4400000000000	64.6198567938385
51.4800000000000	64.3832303224068
51.5200000000000	64.1493382601533
51.5600000000000	63.9181811704426
51.6000000000000	63.6898897398410
51.6400000000000	63.4646014064938
51.6800000000000	63.2422908713088
51.7200000000000	63.0229415973395
51.7600000000000	62.8065423550972
51.8000000000000	62.5930837402945
51.8400000000000	62.3825569720705
51.8800000000000	62.1748456552301
51.9200000000000	61.9699132263309
51.9600000000000	61.7678620569817
52	61.5687297060497
52.0400000000000	61.3725256602214
52.0800000000000	61.1792482130410
52.1200000000000	60.9888912048049
52.1600000000000	60.8014692526667
52.2000000000000	60.6170516529680
52.2400000000000	60.4356781650493
52.2800000000000	60.2573587921737
52.3200000000000	60.0820908826007
52.3600000000000	59.9098664124657
52.4000000000000	59.7406857917675
52.4400000000000	59.5745861468042
52.4800000000000	59.4115411958076
52.5200000000000	59.2515240826604
52.5600000000000	59.0945165632197
52.6000000000000	58.9405039077003
52.6400000000000	58.7894728188407
52.6800000000000	58.6414105839775
52.7200000000000	58.4961642934783
52.7600000000000	58.3536481722757
52.8000000000000	58.2139616250659
52.8400000000000	58.0771497837312
52.8800000000000	57.9432274066924
52.9200000000000	57.8121949496686
52.9600000000000	57.6840461420235
53	57.5587554384313
53.0400000000000	57.4362485209856
53.0800000000000	57.3165623295387
53.1200000000000	57.1997269644327
53.1600000000000	57.0857509330005
53.2000000000000	56.9746318924477
53.2400000000000	56.8663620563949
53.2800000000000	56.7609309146858
53.3200000000000	56.6583266008554
53.3600000000000	56.5585365792974
53.4000000000000	56.4615479904455
53.4400000000000	56.3673478241735
53.4800000000000	56.2759230069762
53.5200000000000	56.1681172548736
53.5600000000000	56.0363648338044
53.6000000000000	55.8857414777213
53.6400000000000	55.7276582695491
53.6800000000000	55.5669574296667
53.7200000000000	55.4057288446128
53.7600000000000	55.2449214871706
53.8000000000000	55.0849764870292
53.8400000000000	54.9260078418816
53.8800000000000	54.7669038144878
53.9200000000000	54.6066238725147
53.9600000000000	54.4446107414175
54	54.2806546228848
54.0400000000000	54.1147423752066
54.0800000000000	53.9466991008036
54.1200000000000	53.7762800571696
54.1600000000000	53.6033996021538
54.2000000000000	53.4280894422143
54.2400000000000	53.2502828605038
54.2800000000000	53.0697885719943
54.3200000000000	52.8861201598044
54.3600000000000	52.6989201606597
54.4000000000000	52.5082578821270
54.4400000000000	52.5143825961016
54.4800000000000	52.5710506781998
54.5200000000000	52.6192698686173
54.5600000000000	52.6588729869301
54.6000000000000	52.6887791806706
54.6400000000000	52.7083608612471
54.6800000000000	52.7185043080433
54.7200000000000	52.7197459890267
54.7600000000000	52.7123579258885
54.8000000000000	52.7736867371930
54.8400000000000	52.7874664140092
54.8800000000000	52.7742262691776
54.9200000000000	52.7437190379417
54.9600000000000	52.7002471000815
55	52.6448905885554
55.0400000000000	52.5787779428101
55.0800000000000	52.5035180010529
55.1200000000000	52.4197668071157
55.1600000000000	52.3282523031316
55.2000000000000	52.2304624588659
55.2400000000000	52.1266196365315
55.2800000000000	52.0177163869625
55.3200000000000	51.9043891842594
55.3600000000000	51.7871162903512
55.4000000000000	51.6664182623454
55.4400000000000	51.5428549430839
55.4800000000000	51.4169910559400
55.5200000000000	51.2893874634554
55.5600000000000	51.1606926990331
55.6000000000000	51.0313929504409
55.6400000000000	50.9017514768450
55.6800000000000	50.7719192316539
55.7200000000000	50.6419876382819
55.7600000000000	50.5120139552404
55.8000000000000	50.3820348341649
55.8400000000000	50.2520740461708
55.8800000000000	50.1221471001205
55.9200000000000	49.9922711421722
55.9600000000000	49.8624557730265
56	49.7327017546496
56.0400000000000	49.6030089015654
56.0800000000000	49.4733770286435
56.1200000000000	49.3438059510988
56.1600000000000	49.2142954844905
56.2000000000000	49.0848454447222
56.2400000000000	48.9554556480410
56.2800000000000	48.8261259110370
56.3200000000000	48.6968560506429
56.3600000000000	48.5676458841336
56.4000000000000	48.4384952291257
56.4400000000000	48.3094039035770
56.4800000000000	48.1803717257862
56.5200000000000	48.0513985143923
56.5600000000000	47.9224840883746
56.6000000000000	47.7936282670522
56.6400000000000	47.6648308700834
56.6800000000000	47.5360917174657
56.7200000000000	47.4074106295356
56.7600000000000	47.2787874269681
56.8000000000000	47.1502219307764
56.8400000000000	47.0217139623120
56.8800000000000	46.8932633432644
56.9200000000000	46.7648698956606
56.9600000000000	46.6365334418657
57	46.5082538045819
57.0400000000000	46.3800308068491
57.0800000000000	46.2518642720445
57.1200000000000	46.1237540238827
57.1600000000000	45.9956998864155
57.2000000000000	45.8677016840322
57.2400000000000	45.7397592414597
57.2800000000000	45.6118723837620
57.3200000000000	45.4840409363412
57.3600000000000	45.3562647249368
57.4000000000000	45.2285435756264
57.4400000000000	45.1008773148258
57.4800000000000	44.9732657692892
57.5200000000000	44.8457087661096
57.5600000000000	44.7182061327187
57.6000000000000	44.5907576968881
57.6400000000000	44.4633632867286
57.6800000000000	44.3360227306917
57.7200000000000	44.2087358575693
57.7600000000000	44.0815024964946
57.8000000000000	43.9543224769425
57.8400000000000	43.8271956287304
57.8800000000000	43.7001217820186
57.9200000000000	43.5731007673110
57.9600000000000	43.4461324154561
58	43.3192165576476
58.0400000000000	43.1923530254253
58.0800000000000	43.0655416506758
58.1200000000000	42.9387822656337
58.1600000000000	42.8120747028825
58.2000000000000	42.6854187953557
58.2400000000000	42.5588143763377
58.2800000000000	42.4322612794653
58.3200000000000	42.3057593387286
58.3600000000000	42.1793083884725
58.4000000000000	42.0529082633982
58.4400000000000	41.9265587985641
58.4800000000000	41.8002598293880
58.5200000000000	41.6740111916479
58.5600000000000	41.5478127214843
58.6000000000000	41.4216642554017
58.6400000000000	41.2955656302700
58.6800000000000	41.1695166833272
58.7200000000000	41.0435172521804
58.7600000000000	40.9175671748085
58.8000000000000	40.7916662895642
58.8400000000000	40.6658144351761
58.8800000000000	40.5400114507509
58.9200000000000	40.4142571757763
58.9600000000000	40.2885514501229
59	40.1628941140472
59.0400000000000	40.0372850081941
59.0800000000000	39.9117239736001
59.1200000000000	39.7862108516957
59.1600000000000	39.6607454843088
59.2000000000000	39.5353277136681
59.2400000000000	39.4099573824058
59.2800000000000	39.2846343335615
59.3200000000000	39.1593584105858
59.3600000000000	39.0341294573435
59.4000000000000	38.9089473181183
59.4400000000000	38.7838118376158
59.4800000000000	38.6587228609688
59.5200000000000	38.5336802337404
59.5600000000000	38.4086838019296
59.6000000000000	38.2837334119752
59.6400000000000	38.1588289107610
59.6800000000000	38.0339701456208
59.7200000000000	37.9091569643432
59.7600000000000	37.7843892151779
59.8000000000000	37.6596667468403
59.8400000000000	37.5349894085181
59.8800000000000	37.4103570498770
59.9200000000000	37.2857695210669
59.9600000000000	37.1612266727289
60	37.0367283560014
60.0400000000000	36.9122744225277
60.0800000000000	36.7878647244630
60.1200000000000	36.6634991144820
60.1600000000000	36.5391774457869
60.2000000000000	36.4148995721154
60.2400000000000	36.2906653477492
60.2800000000000	36.1664746275230
60.3200000000000	36.0423272668334
60.3600000000000	35.9182231216484
60.4000000000000	35.7941620485173
60.4400000000000	35.6701439045810
60.4800000000000	35.5461685475825
60.5200000000000	35.4222358358782
60.5600000000000	35.2983456284489
60.6000000000000	35.1744977849121
60.6400000000000	35.0506921655342
60.6800000000000	34.9269286312436
60.7200000000000	34.8032070436437
60.7600000000000	34.6795272650270
60.8000000000000	34.5558369800539
60.8400000000000	34.4321874821045
60.8800000000000	34.3085786197196
60.9200000000000	34.1850102417563
60.9600000000000	34.0614821973897
61	33.9379943361157
61.0400000000000	33.8145465077530
61.0800000000000	33.6911385624462
61.1200000000000	33.5677703506682
61.1600000000000	33.4444417232228
61.2000000000000	33.3211525312480
61.2400000000000	33.1979026262189
61.2800000000000	33.0746918599508
61.3200000000000	32.9515200846022
61.3600000000000	32.8283871526788
61.4000000000000	32.7052929170366
61.4400000000000	32.5822372308858
61.4800000000000	32.4592199477945
61.5200000000000	32.3362409216927
61.5600000000000	32.2133000068766
61.6000000000000	32.0903970580129
61.6400000000000	31.9675319301429
61.6800000000000	31.8447044786878
61.7200000000000	31.7219145594530
61.7600000000000	31.5991620286334
61.8000000000000	31.4764467428187
61.8400000000000	31.3537685589987
61.8800000000000	31.2311273345688
61.9200000000000	31.1085229273365
61.9600000000000	30.9859551955268
62	30.8634239977890
62.0400000000000	30.7413417159570
62.0800000000000	30.6365764451673
62.1200000000000	30.5410434980414
62.1600000000000	30.5918978217725
62.2000000000000	30.7650619098416
62.2400000000000	31.0080657012865
62.2800000000000	31.2986568032340
62.3200000000000	31.6185030606298
62.3600000000000	31.9533908655960
62.4000000000000	32.2945455478264
62.4400000000000	32.6373430436007
62.4800000000000	32.9794178370402
62.5200000000000	33.3195838992800
62.5600000000000	33.6572591276500
62.6000000000000	33.9921677410169
62.6400000000000	34.3241886010165
62.6800000000000	34.6532783969446
62.7200000000000	34.9794328381888
62.7600000000000	35.3026670590209
62.8000000000000	35.6230057220275
62.8400000000000	35.9404780182432
62.8800000000000	36.2551151416797
62.9200000000000	36.5669490156689
62.9600000000000	36.8760116532841
63	37.1823348392907
63.0400000000000	37.4858934489093
63.0800000000000	37.7864413570595
63.1200000000000	38.0842095150180
63.1600000000000	38.3788575942389
63.2000000000000	38.6702712957567
63.2400000000000	38.9589839261109
63.2800000000000	39.2453518369964
63.3200000000000	39.5295459072758
63.3600000000000	39.8115648127525
63.4000000000000	40.0914359392997
63.4400000000000	40.3693282812595
63.4800000000000	40.6454220879631
63.5200000000000	40.9198113260160
63.5600000000000	41.1921312845774
63.6000000000000	41.4626065457325
63.6400000000000	41.7314739052742
63.6800000000000	41.9988224487050
63.7200000000000	42.2650641628302
63.7600000000000	42.5303934976437
63.8000000000000	42.7947824952714
63.8400000000000	43.0582240229570
63.8800000000000	43.3206604551928
63.9200000000000	43.5823202882027
63.9600000000000	43.8436644849190
64	44.1048729668145
64.0400000000000	44.3659847630672
64.0800000000000	44.6270080261629
64.1200000000000	44.8879597705150
64.1600000000000	45.1488104045861
64.2000000000000	45.4095215082809
64.2400000000000	45.6700828094200
64.2800000000000	45.9304912365995
64.3200000000000	46.1907455822737
64.3600000000000	46.4501200153151
64.4000000000000	46.7088543537815
64.4400000000000	46.9673433332580
64.4800000000000	47.2256020262201
64.5200000000000	47.4836308585593
64.5600000000000	47.7414295906428
64.6000000000000	47.9989979497672
64.6400000000000	48.2563356625028
64.6800000000000	48.5133148746654
64.7200000000000	48.7700570637964
64.7600000000000	49.0267534586695
64.8000000000000	49.2832264070324
64.8400000000000	49.5393034207203
64.8800000000000	49.7947392062183
64.9200000000000	50.0495599719766
64.9600000000000	50.3037651253206
65	50.5573567354701
65.0400000000000	50.8101867588393
65.0800000000000	51.0621972848141
65.1200000000000	51.3136160700328
65.1600000000000	51.5643960205179
65.2000000000000	51.8145490366207
65.2400000000000	52.0640750850103
65.2800000000000	52.3129763896617
65.3200000000000	52.5612547602809
65.3600000000000	52.8089120645729
65.4000000000000	53.0559501501756
65.4400000000000	53.3023708568358
65.4800000000000	53.5481760147589
65.5200000000000	53.7933674449305
65.5600000000000	54.0379469591747
65.6000000000000	54.2819163602438
65.6400000000000	54.5252774419035
65.6800000000000	54.7680319890168
65.7200000000000	55.0101817776269
65.7600000000000	55.2517285750392
65.8000000000000	55.4926741399025
65.8400000000000	55.7328238548854
65.8800000000000	55.9718949159969
65.9200000000000	56.2101312919217
65.9600000000000	56.4480625380139
66	56.6855984503270
66.0400000000000	56.9233640478999
66.0800000000000	57.1610244124482
66.1200000000000	57.3987552112067
66.1600000000000	57.6364653277050
66.2000000000000	57.8741992207140
66.2400000000000	58.1119343648112
66.2800000000000	58.3496804105017
66.3200000000000	58.5874319866390
66.3600000000000	58.8251905382635
66.4000000000000	59.0629545060939
66.4400000000000	59.3007236179728
66.4800000000000	59.5384970669548
66.5200000000000	59.7762742626107
66.5600000000000	60.0140545301775
66.6000000000000	60.2518372275270
66.6400000000000	60.4896217010353
66.6800000000000	60.7274073017472
66.7200000000000	60.9651933796414
66.7600000000000	61.2029792856119
66.8000000000000	61.4407643708127
66.8400000000000	61.6785479868762
66.8800000000000	61.9163294858507
66.9200000000000	62.1541082202255
66.9600000000000	62.3918835429295
67	62.6296548073378
67.0400000000000	62.8674213672759
67.0800000000000	63.1045030482845
67.1200000000000	63.3403611557324
67.1600000000000	63.5744874009820
67.2000000000000	63.8071112420130
67.2400000000000	64.0381604711308
67.2800000000000	64.2676801655927
67.3200000000000	64.4956717443953
67.3600000000000	64.7221518384886
67.4000000000000	64.9471318017198
67.4400000000000	65.1706244939442
67.4800000000000	65.3926421504815
67.5200000000000	65.6131970200231
67.5600000000000	65.8323011861892
67.6000000000000	66.0499666173493
67.6400000000000	66.2662051559430
67.6800000000000	66.4810285229371
67.7200000000000	66.6944483186711
67.7600000000000	66.9064760244832
67.8000000000000	67.1171230041470
67.8400000000000	67.3264005053203
67.8800000000000	67.5343196609676
67.9200000000000	67.7408914907633
67.9600000000000	67.9461269024756
68	68.1500366933303
68.0400000000000	68.2107766341909
68.0800000000000	68.1547511777854
68.1200000000000	68.3171877592837
68.1600000000000	68.2278392001273
68.2000000000000	68.1145082137017
68.2400000000000	68.0832898438825
68.2800000000000	67.9721704228498
68.3200000000000	67.8445164523807
68.3600000000000	67.7115945360987
68.4000000000000	67.5761377858786
68.4400000000000	67.4392795046654
68.4800000000000	67.3015949074540
68.5200000000000	67.1634110114441
68.5600000000000	67.0249256869696
68.6000000000000	66.8862644777168
68.6400000000000	66.7475097612580
68.6800000000000	66.6087166973424
68.7200000000000	66.4699230767128
68.7600000000000	66.3311552332693
68.8000000000000	66.1924316343127
68.8400000000000	66.0537652560930
68.8800000000000	65.9151651982790
68.9200000000000	65.7766378019299
68.9600000000000	65.6381904355946
69	65.4998271257484
69.0400000000000	65.3615494747065
69.0800000000000	65.2233572495827
69.1200000000000	65.0852502179747
69.1600000000000	64.9472281479628
69.2000000000000	64.8092908081084
69.2400000000000	64.6714379674522
69.2800000000000	64.5336693955125
69.3200000000000	64.3959848622840
69.3600000000000	64.2583841382356
69.4000000000000	64.1208669943091
69.4400000000000	63.9834332019180
69.4800000000000	63.8460825329450
69.5200000000000	63.7088147597413
69.5600000000000	63.5716296551245
69.6000000000000	63.4345269923773
69.6400000000000	63.2975065452458
69.6800000000000	63.1605680879380
69.7200000000000	63.0237113951224
69.7600000000000	62.8869362419261
69.8000000000000	62.7502424039337
69.8400000000000	62.6136296571854
69.8800000000000	62.4770977781758
69.9200000000000	62.3406465438522
69.9600000000000	62.2042757316132
70	62.0679851193070
70.0400000000000	61.9317744852303
70.0800000000000	61.7956436081265
70.1200000000000	61.6595922671843
70.1600000000000	61.5236202420363
70.2000000000000	61.3877273127575
70.2400000000000	61.2519132598639
70.2800000000000	61.1161778643108
70.3200000000000	60.9805209074920
70.3600000000000	60.8449421712376
70.4000000000000	60.7094414378131
70.4400000000000	60.5740184899176
70.4800000000000	60.4386731106829
70.5200000000000	60.3034050836716
70.5600000000000	60.1682141928761
70.6000000000000	60.0331002227169
70.6400000000000	59.8980629580414
70.6800000000000	59.7631021841225
70.7200000000000	59.6282176866571
70.7600000000000	59.4934092517652
70.8000000000000	59.3586766659878
70.8400000000000	59.2240197162863
70.8800000000000	59.0894381900408
70.9200000000000	58.9549318750487
70.9600000000000	58.8205005595236
71	58.6861440320938
71.0400000000000	58.2119048691849
71.0800000000000	57.7379268323476
71.1200000000000	57.2642076711731
71.1600000000000	56.7907451405754
71.2000000000000	56.3175370007811
71.2400000000000	55.8445810173218
71.2800000000000	55.3718749610294
71.3200000000000	54.8994166080339
71.3600000000000	54.4272037397649
71.4000000000000	53.9552341429563
71.4400000000000	53.4835056096543
71.4800000000000	53.0120159372301
71.5200000000000	52.5407629283964
71.5600000000000	52.0697443912289
71.6000000000000	51.5989581391924
71.6400000000000	51.1284019911732
71.6800000000000	50.6580737715165
71.7200000000000	50.1879713100713
71.7600000000000	49.7180924422419
71.8000000000000	49.2484350090469
71.8400000000000	48.7789968571879
71.8800000000000	48.3097758391261
71.9200000000000	47.8407698131700
71.9600000000000	47.3719766435742
72	46.9033942006503
72.0400000000000	46.4350203608920
72.0800000000000	45.9668530071146
72.1200000000000	45.4988900286116
72.1600000000000	45.0311293213293
72.2000000000000	44.5635687880622
72.2400000000000	44.0962063386709
72.2800000000000	43.6290398903250
72.3200000000000	43.1620673677743
72.3600000000000	42.6952867036514
72.4000000000000	42.2286958388093
72.4400000000000	41.7622927226982
72.4800000000000	41.2960753137861
72.5200000000000	40.8300415800300
72.5600000000000	40.3641894994018
72.6000000000000	39.8985170604784
72.6400000000000	39.4330222631024
72.6800000000000	38.9677031191250
72.7200000000000	38.5025576532403
72.7600000000000	38.0375839039250
72.8000000000000	37.5727799244994
72.8400000000000	37.1081437843247
72.8800000000000	36.6436735701605
72.9200000000000	36.1793673877034
72.9600000000000	35.7152233633383
73	35.2512396461333
73.0400000000000	34.7874144101204
73.0800000000000	34.3237458569087
73.1200000000000	33.8602322186861
73.1600000000000	33.3968129611593
73.2000000000000	32.9335416895306
73.2400000000000	32.4704164416883
73.2800000000000	32.0074352673715
73.3200000000000	31.5445962291335
73.3600000000000	31.0818974034362
73.4000000000000	30.6193368818979
73.4400000000000	30.1569127727177
73.4800000000000	29.6946232023070
73.5200000000000	29.2324663171624
73.5600000000000	28.7704402860217
73.6000000000000	28.3085433023527
73.6400000000000	27.8467735872373
73.6800000000000	27.3851293927222
73.7200000000000	26.9236090057274
73.7600000000000	26.4622107526223
73.8000000000000	26.0009330046052
73.8400000000000	25.5397741840538
73.8800000000000	25.0787327720563
73.9200000000000	24.6178073173871
73.9600000000000	24.1569964472569
74	23.6962988802619
74.0400000000000	23.2357134420709
74.0800000000000	22.7752390845506
74.1200000000000	22.3148749092383
74.1600000000000	21.8546201963593
74.2000000000000	21.3944744409762
74.2400000000000	20.9344373984013
74.2800000000000	20.4745091417625
74.3200000000000	20.0146901356897
74.3600000000000	19.5549813316448
74.4000000000000	19.0953842926901
74.4400000000000	18.6359013588690
74.4800000000000	18.1763095045771
74.5200000000000	17.7168076432481
74.5600000000000	17.2573952431837
74.6000000000000	16.7980720501062
74.6400000000000	16.3388381549152
74.6800000000000	15.8796940824683
74.7200000000000	15.4206409094105
74.7600000000000	14.9616804227783
74.8000000000000	14.5028153368452
74.8400000000000	14.0440495947819
74.8800000000000	13.5853887965275
74.9200000000000	13.1268408190768
74.9600000000000	12.6684167382784
75	12.2101322381114
75.0400000000000	11.7520098370407
75.0800000000000	11.2940825426556
75.1200000000000	10.8364001299499
75.1600000000000	10.3790405344640
75.2000000000000	9.92213196993175
75.2400000000000	9.46589968108776
75.2800000000000	9.01077637947856
75.3200000000000	8.55770575767200
75.3600000000000	8.10846259268053
75.4000000000000	7.66283682955074
75.4400000000000	7.22012922119676
75.4800000000000	6.77980317896345
75.5200000000000	6.34191839688306
75.5600000000000	5.90648271408964
75.6000000000000	5.47356544069297
75.6400000000000	5.04310486302278
75.6800000000000	4.61501636012259
75.7200000000000	4.18923307724184
75.7600000000000	3.76559055672048
75.8000000000000	3.34754323121588
75.8400000000000	2.93589562067059
75.8800000000000	2.53032095565311
75.9200000000000	2.13031970004342
75.9600000000000	1.73504318764265
76	1.34374132992526
76.0400000000000	0.955498113152735
76.0800000000000	0.569103614982774
76.1200000000000	0.185188978292962
76.1600000000000	0.107441456336590
76.2000000000000	0.0303226813892650
76.2400000000000	-0.0460995271595511
76.2800000000000	0.184977256965066
76.3200000000000	0.107231173330440
76.3600000000000	0.0301142993211135
76.4000000000000	-0.0463060286152332
76.4400000000000	0.184772609899442
76.4800000000000	0.107027916517678
76.5200000000000	0.0299128799220197
76.5600000000000	-0.0465056302468131
76.6000000000000	0.184574800689647
76.6400000000000	0.106831451098885
76.6800000000000	0.0297181905159439
76.7200000000000	-0.0466985626296706
76.7600000000000	0.184383600831632
76.8000000000000	0.106641550123270
76.8400000000000	0.0807448540172654
76.8800000000000	0.147878055041842
76.9200000000000	0.214405450941031
76.9600000000000	0.280331612011254
77	0.345661090223891
77.0400000000000	0.410398418997014
77.0800000000000	0.474548112973628
77.1200000000000	0.538114667806369
77.1600000000000	0.601199801899407
77.2000000000000	0.664012511516823
77.2400000000000	0.726571034841614
77.2800000000000	0.788875220815482
77.3200000000000	0.850924928116902
77.3600000000000	0.912720025174211
77.4000000000000	0.974260390177381
77.4400000000000	1.03554591108849
77.4800000000000	1.09657648565086
77.5200000000000	1.15727340354293
77.5600000000000	1.21750092369098
77.6000000000000	1.27725258660031
77.6400000000000	1.33653181668088
77.6800000000000	1.39534201900896
77.7200000000000	1.45368657935109
77.7600000000000	1.51156886418953
77.8000000000000	1.56899222074935
77.8400000000000	1.62595997702688
77.8800000000000	1.68246675529470
77.9200000000000	1.73836871488770
77.9600000000000	1.79363786738348
78	1.84828455310247
78.0400000000000	1.90231886958217
78.0800000000000	1.95575067920743
78.1200000000000	2.00858961654009
78.1600000000000	2.06084509536226
78.2000000000000	2.11252631544658
78.2400000000000	2.16364226906627
78.2800000000000	2.21420174725683
78.3200000000000	2.26413871922602
78.3600000000000	2.31337887280090
78.4000000000000	2.36193445889658
78.4400000000000	2.40981935168490
78.4800000000000	2.45704702038696
78.5200000000000	2.50363054506852
78.5600000000000	2.54958263166475
78.6000000000000	2.59491562627926
78.6400000000000	2.63964152879936
78.6800000000000	2.68377200586672
78.7200000000000	2.72731840323998
78.7600000000000	2.77029175758342
78.8000000000000	2.81264704471269
78.8400000000000	2.85433980308562
78.8800000000000	2.89538586478373
78.9200000000000	2.93580104112451
78.9600000000000	2.97560057213533
79	3.01479915419163
79.0400000000000	3.05341096598494
79.0800000000000	3.09144969294166
79.1200000000000	3.12892855020263
79.1600000000000	3.16586030426517
79.2000000000000	3.20225729338055
79.2400000000000	3.23813144679238
79.2800000000000	3.27349430289477
79.3200000000000	3.30835702638273
79.3600000000000	3.34271896489583
79.4000000000000	3.37651520236155
79.4400000000000	3.40975032527752
79.4800000000000	3.44243959913450
79.5200000000000	3.47459766946416
79.5600000000000	3.50623859556330
79.6000000000000	3.53737588192873
79.6400000000000	3.56802250758828
79.6800000000000	3.59819095349615
79.7200000000000	3.62789322814492
79.7600000000000	3.65714089153295
79.8000000000000	3.68594507761332
79.8400000000000	3.71431651533916
79.8800000000000	3.74226554841016
79.9200000000000	3.76980215381620
79.9600000000000	3.79693595926551
80	3.82367625957761
80.0400000000000	3.85003203211458
80.0800000000000	3.87601195131802
80.1200000000000	3.90160245032957
80.1600000000000	3.92678067336332
80.2000000000000	3.95155564820858
80.2400000000000	3.97593783220301
80.2800000000000	3.99993727862148
80.3200000000000	4.02356365760467
80.3600000000000	4.04682627573382
80.4000000000000	4.06973409435619
80.4400000000000	4.09229574675648
80.4800000000000	4.11451955426107
80.5200000000000	4.13641354135427
80.5600000000000	4.15798544987915
80.6000000000000	4.17924275238896
80.6400000000000	4.20019266471019
80.6800000000000	4.22084215777270
80.7200000000000	4.24119796875809
80.7600000000000	4.26126661161342
80.8000000000000	4.28105438697330
80.8400000000000	4.30056739153036
80.8800000000000	4.31981152689065
80.9200000000000	4.33879250794793
80.9600000000000	4.35751587080812
81	4.37598698029274
81.0400000000000	4.39421103704827
81.0800000000000	4.41219308428604
81.1200000000000	4.42993801417581
81.1600000000000	4.44744034899932
81.2000000000000	4.46468560705257
81.2400000000000	4.48167812108108
81.2800000000000	4.49841230393048
81.3200000000000	4.51483563767101
81.3600000000000	4.53094951664377
81.4000000000000	4.54676319525873
81.4400000000000	4.56229488812361
81.4800000000000	4.57755807773283
81.5200000000000	4.59256005788798
81.5600000000000	4.60730737615827
81.6000000000000	4.62180352144283
81.6400000000000	4.63605489881560
81.6800000000000	4.65006818749348
81.7200000000000	4.66384123053258
81.7600000000000	4.67734800485511
81.8000000000000	4.69059290367717
81.8400000000000	4.70358416699117
81.8800000000000	4.71633223261612
81.9200000000000	4.72887167388002
81.9600000000000	4.74121370776021
82	4.75336351004270
82.0400000000000	4.76532605192803
82.0800000000000	4.77709048494065
82.1200000000000	4.78864241247600
82.1600000000000	4.79998790545450
82.2000000000000	4.81113354534823
82.2400000000000	4.82208559171272
82.2800000000000	4.83285246935585
82.3200000000000	4.84344198453311
82.3600000000000	4.85385924983917
82.4000000000000	4.86410915237525
82.4400000000000	4.87419636717416
82.4800000000000	4.88410175218985
82.5200000000000	4.89376955098157
82.5600000000000	4.90320319949167
82.6000000000000	4.91241228868208
82.6400000000000	4.92140581639802
82.6800000000000	4.93019223651525
82.7200000000000	4.93877078611064
82.7600000000000	4.94712852388076
82.8000000000000	4.95527287876262
82.8400000000000	4.96321291445786
82.8800000000000	4.97095711528150
82.9200000000000	4.97851343577922
82.9600000000000	4.98588934506179
83	4.99308477503928
83.0400000000000	5.00008826597256
83.0800000000000	5.00690614097072
83.1200000000000	5.01354627155874
83.1600000000000	5.02001603199777
83.2000000000000	5.02632234133784
83.2400000000000	5.03247170104813
83.2800000000000	5.03847022877726
83.3200000000000	5.04432368871618
83.3600000000000	5.05003751897004
83.4000000000000	5.05561685628937
83.4400000000000	5.06106655846358
83.4800000000000	5.06639122463964
83.5200000000000	5.07159521379488
83.5600000000000	5.07668266156352
83.6000000000000	5.08165749559176
83.6400000000000	5.08652344957465
83.6800000000000	5.09128407610985
83.7200000000000	5.09594275848690
83.7600000000000	5.10050111676717
83.8000000000000	5.10492110745688
83.8400000000000	5.10919774157208
83.8800000000000	5.11333772162762
83.9200000000000	5.11734730105523
83.9600000000000	5.12123232422866
84	5.12499826205948
84.0400000000000	5.12865024374462
84.0800000000000	5.13219308515937
84.1200000000000	5.13563131431643
84.1600000000000	5.13896919425112
84.2000000000000	5.14221074364185
84.2400000000000	5.14535975543232
84.2800000000000	5.14841981368559
84.3200000000000	5.15139430886987
84.3600000000000	5.15428645174959
84.4000000000000	5.15709928603338
84.4400000000000	5.15983569991124
84.4800000000000	5.16249843659739
84.5200000000000	5.16509010398074
84.5600000000000	5.16761318347308
84.6000000000000	5.17007003813460
84.6400000000000	5.17246292014706
84.6800000000000	5.17479397769719
84.7200000000000	5.17706526132582
84.7600000000000	5.17927872979229
84.8000000000000	5.18143625549832
84.8400000000000	5.18353962951092
84.8800000000000	5.18559056621975
84.9200000000000	5.18759070766060
84.9600000000000	5.18954162753390
85	5.19144483494368
85.0400000000000	5.19330177788048
85.0800000000000	5.19511384646897
85.1200000000000	5.19688237599959
85.1600000000000	5.19860864976111
85.2000000000000	5.20029390169000
85.2400000000000	5.20193931885063
85.2800000000000	5.20354604375934
85.3200000000000	5.20511517656419
85.3600000000000	5.20664777709099
85.4000000000000	5.20814486676556
85.4400000000000	5.20960743042121
85.4800000000000	5.21103641799956
85.5200000000000	5.21243274615238
85.5600000000000	5.21379729975119
85.6000000000000	5.21513093331125
85.6400000000000	5.21643447233544
85.6800000000000	5.21770871458379
85.7200000000000	5.21895443127329
85.7600000000000	5.22017236821282
85.8000000000000	5.22136324687725
85.8400000000000	5.22252776542473
85.8800000000000	5.22366659966071
85.9200000000000	5.22478040395214
85.9600000000000	5.22586981209480
86	5.22693543813679
86.0400000000000	5.22797787716081
86.0800000000000	5.22899770602760
86.1200000000000	5.22999548408307
86.1600000000000	5.23097175383106
86.2000000000000	5.23192704157380
86.2400000000000	5.23286185802207
86.2800000000000	5.23377669887652
86.3200000000000	5.23467204538206
86.3600000000000	5.23570489703156
86.4000000000000	5.23756060085638
86.4400000000000	5.24104893272876
86.4800000000000	5.24674820483152
86.5200000000000	5.25477918805144
86.5600000000000	5.26543894323649
86.6000000000000	5.27871195212468
86.6400000000000	5.29433477305406
86.6800000000000	5.31240380528178
86.7200000000000	5.33322321224434
86.7600000000000	5.35685977588784
86.8000000000000	5.38348954252513
86.8400000000000	5.41310553914782
86.8800000000000	5.44552251622425
86.9200000000000	5.48077101351766
86.9600000000000	5.51890994224810
87	5.55996130063754
87.0400000000000	5.60391591366411
87.0800000000000	5.65073899925093
87.1200000000000	5.70037535640156
87.1600000000000	5.75275402247979
87.2000000000000	5.80779231163583
87.2400000000000	5.86539920757708
87.2800000000000	5.92547813258075
87.3200000000000	5.98792914786759
87.3600000000000	6.05265065900538
87.4000000000000	6.11954070665269
87.4400000000000	6.18849792108275
87.4800000000000	6.25942221174599
87.5200000000000	6.33221525324779
87.5600000000000	6.40678081843161
87.6000000000000	6.48302499899884
87.6400000000000	6.56085634496214
87.6800000000000	6.64018594652169
87.7200000000000	6.72092747571808
87.7600000000000	6.80299720034286
87.8000000000000	6.88631397889297
87.8400000000000	6.97079924262815
87.8800000000000	7.05637696882894
87.9200000000000	7.14297364797592
87.9600000000000	7.23051824662822
88	7.31894216715042
88.0400000000000	7.40817920502939
88.0800000000000	7.49816550426644
88.1200000000000	7.58883951117542
88.1600000000000	7.68014192682758
88.2000000000000	7.77201565833569
88.2400000000000	7.86440576914518
88.2800000000000	7.95725942848888
88.3200000000000	8.05052586015758
88.3600000000000	8.14415629073641
88.4000000000000	8.23810389745554
88.4400000000000	8.33232375580062
88.4800000000000	8.42677278702468
88.5200000000000	8.52140970569737
88.5600000000000	8.61619496742079
88.6000000000000	8.71109071683317
88.6400000000000	8.80599527821728
88.6800000000000	8.90082345558052
88.7200000000000	8.99553032124478
88.7600000000000	9.08992761585023
88.8000000000000	9.18436948225950
88.8400000000000	9.27920984744188
88.8800000000000	9.37469658827139
88.9200000000000	9.47096265909510
88.9600000000000	9.56806957236126
89	9.66604466109272
89.0400000000000	9.76489299233514
89.0800000000000	9.86460333603469
89.1200000000000	9.96517467904131
89.1600000000000	10.0665996301204
89.2000000000000	10.1688616387015
89.2400000000000	10.2719385651495
89.2800000000000	10.4069638880820
89.3200000000000	10.5323589560722
89.3600000000000	10.6517697715636
89.4000000000000	10.7675172014132
89.4400000000000	10.8811140795717
89.4800000000000	10.9935614876189
89.5200000000000	11.1055273373438
89.5600000000000	11.2174583896277
89.6000000000000	11.3296526781731
89.6400000000000	11.4423073773548
89.6800000000000	11.5555509306836
89.7200000000000	11.6694648369373
89.7600000000000	11.7840985178815
89.8000000000000	11.8994795012094
89.8400000000000	12.0156089846269
89.8800000000000	12.1324153237455
89.9200000000000	12.2499061425415
89.9600000000000	12.3680928960556
90	12.4869768184427
90.0400000000000	12.6065525038415
90.0800000000000	12.7268102686613
90.1200000000000	12.8477377072472
90.1600000000000	12.9693207142335
90.2000000000000	13.0915441548644
90.2400000000000	13.2143923033915
90.2800000000000	13.3378491289970
90.3200000000000	13.4618984816935
90.3600000000000	13.5865242127542
90.4000000000000	13.7117102523814
90.4400000000000	13.8374406595062
90.4800000000000	13.9636996534593
90.5200000000000	14.0674531393091
90.5600000000000	14.1278198316728
90.6000000000000	14.1568554946685
90.6400000000000	14.1638408304324
90.6800000000000	14.1621151565700
90.7200000000000	14.1570527342707
90.7600000000000	14.1502734881167
90.8000000000000	14.1424773632499
90.8400000000000	14.1340269401078
90.8800000000000	14.1251314779593
90.9200000000000	14.1159208733721
90.9600000000000	14.1064801331238
91	14.0968671749365
91.0400000000000	14.0871227396056
91.0800000000000	14.0772762406392
91.1200000000000	14.0673493796812
91.1600000000000	14.0573584668684
91.2000000000000	14.0473343963577
91.2400000000000	14.0372991953113
91.2800000000000	14.0272662879358
91.3200000000000	14.0172356768806
91.3600000000000	14.0072073648165
91.4000000000000	13.9971813544347
91.4400000000000	13.9871576484479
91.4800000000000	13.9771362495901
91.5200000000000	13.9671171606165
91.5600000000000	13.9571003843038
91.6000000000000	13.9470859234505
91.6400000000000	13.9370737808768
91.6800000000000	13.9270639594250
91.7200000000000	13.9170564619592
91.7600000000000	13.9070512913659
91.8000000000000	13.8970484505539
91.8400000000000	13.8870479424544
91.8800000000000	13.8770497700214
91.9200000000000	13.8670539362316
91.9600000000000	13.8570604440845
92	13.8470692966029
92.0400000000000	13.8370804968325
92.0800000000000	13.8270940478426
92.1200000000000	13.8171099527260
92.1600000000000	13.8071282145990
92.2000000000000	13.7971488366018
92.2400000000000	13.7871718218986
92.2800000000000	13.7771971736777
92.3200000000000	13.7672248951514
92.3600000000000	13.7572549895569
92.4000000000000	13.7472874601555
92.4400000000000	13.7373223102336
92.4800000000000	13.7273595431023
92.5200000000000	13.7244768283648
92.5600000000000	13.7462454991422
92.6000000000000	13.8072170149307
92.6400000000000	13.8913815038901
92.6800000000000	13.9912289639376
92.7200000000000	14.1013477881934
92.7600000000000	14.2179549931905
92.8000000000000	14.3384160529938
92.8400000000000	14.4609783709094
92.8800000000000	14.5845084566907
92.9200000000000	14.7082865785502
92.9600000000000	14.8318617695820
93	14.9549547159184
93.0400000000000	15.0773946190340
93.0800000000000	15.1990788510508
93.1200000000000	15.3199474367158
93.1600000000000	15.4399670100982
93.2000000000000	15.5591207632524
93.2400000000000	15.6774021613110
93.2800000000000	15.7947452223673
93.3200000000000	15.9110911301585
93.3600000000000	16.0264851938780
93.4000000000000	16.1409636179609
93.4400000000000	16.2545525965918
93.4800000000000	16.3672721612723
93.5200000000000	16.4791385153213
93.5600000000000	16.5901654534899
93.6000000000000	16.7003652272269
93.6400000000000	16.8097490734649
93.6800000000000	16.9183275388577
93.7200000000000	17.0261106794896
93.7600000000000	17.1331081846591
93.8000000000000	17.2393294543019
93.8400000000000	17.3447836480503
93.8800000000000	17.4494797169048
93.9200000000000	17.5534264242153
93.9600000000000	17.6566323600650
94	17.7591059515613
94.0400000000000	17.8608554705688
94.0800000000000	17.9618890398255
94.1200000000000	18.0622146380222
94.1600000000000	18.1618401042022
94.2000000000000	18.2607731417024
94.2400000000000	18.3590213217727
94.2800000000000	18.4565920869611
94.3200000000000	18.5534927543171
94.3600000000000	18.6497305184501
94.4000000000000	18.7452724126161
94.4400000000000	18.8400841772529
94.4800000000000	18.9341994707993
94.5200000000000	19.0276126798940
94.5600000000000	19.1201660774265
94.6000000000000	19.2119105259524
94.6400000000000	19.3029044615121
94.6800000000000	19.3931969496927
94.7200000000000	19.4828394300097
94.7600000000000	19.5718431761197
94.8000000000000	19.6602150311517
94.8400000000000	19.7479602984889
94.8800000000000	19.8350952611200
94.9200000000000	19.9216484101133
94.9600000000000	20.0076409711386
95	20.0930872989291
95.0400000000000	20.1779051661180
95.0800000000000	20.2621009715336
95.1200000000000	20.3457179779486
95.1600000000000	20.4287817121374
95.2000000000000	20.5113083169081
95.2400000000000	20.5933929895356
95.2800000000000	20.6750743944920
95.3200000000000	20.7563527621988
95.3600000000000	20.8372298501841
95.4000000000000	20.9177082195198
95.4400000000000	20.9977543570046
95.4800000000000	21.0773830989813
95.5200000000000	21.1566940808385
95.5600000000000	21.2357531736170
95.6000000000000	21.3145967234272
95.6400000000000	21.3932432580538
95.6800000000000	21.4717024469947
95.7200000000000	21.5499850405561
95.7600000000000	21.6280922676776
95.8000000000000	21.7060202676475
95.8400000000000	21.7837674345732
95.8800000000000	21.8613333251261
95.9200000000000	21.9387180955936
95.9600000000000	22.0159222109692
96	22.0929102665267
96.0400000000000	22.1695354362514
96.0800000000000	22.2458524072871
96.1200000000000	22.3219127843929
96.1600000000000	22.3977388835600
96.2000000000000	22.4733407649583
96.2400000000000	22.5487233183135
96.2800000000000	22.6238892356685
96.3200000000000	22.6988402670684
96.3600000000000	22.7735777541107
96.4000000000000	22.8480869606977
96.4400000000000	22.9223440354248
96.4800000000000	22.9963786203071
96.5200000000000	23.0702108035503
96.5600000000000	23.1438487226453
96.6000000000000	23.2172959774463
96.6400000000000	23.2905544296865
96.6800000000000	23.3636252688722
96.7200000000000	23.4365094210755
96.7600000000000	23.5092077068007
96.8000000000000	23.5817209023653
96.8400000000000	23.6540497639332
96.8800000000000	23.7261825696129
96.9200000000000	23.7980850303077
96.9600000000000	23.8697750472873
97	23.9412673444256
97.0400000000000	24.0125677341214
97.0800000000000	24.0836788169425
97.1200000000000	24.1546020245409
97.1600000000000	24.2253383581870
97.2000000000000	24.2958886578522
97.2400000000000	24.3662537009911
97.2800000000000	24.4364342390787
97.3200000000000	24.5064310112331
97.3600000000000	24.5762447493410
97.4000000000000	24.6458761800112
97.4400000000000	24.7153260253354
97.4800000000000	24.7845950031976
97.5200000000000	24.8536838274110
97.5600000000000	24.9225932077888
97.6000000000000	24.9913238501898
97.6400000000000	25.0598764565532
97.6800000000000	25.1282517249298
97.7200000000000	25.1964503495107
97.7600000000000	25.2644730206562
97.8000000000000	25.3323204249232
97.8400000000000	25.3999932450930
97.8800000000000	25.4674921601982
97.9200000000000	25.5348178455499
97.9600000000000	25.6019709727641
98	25.6689522097885
98.0400000000000	25.7356447729694
98.0800000000000	25.8020643985969
98.1200000000000	25.8682706992505
98.1600000000000	25.9342800022883
98.2000000000000	26.0000972489932
98.2400000000000	26.0657243315994
98.2800000000000	26.1311623125166
98.3200000000000	26.1964120234870
98.3600000000000	26.2614742294466
98.4000000000000	26.3263496739023
98.4400000000000	26.3910390916591
98.4800000000000	26.4555432124422
98.5200000000000	26.5198627619506
98.5600000000000	26.5839984621771
98.6000000000000	26.6479510315166
98.6400000000000	26.7117211848136
98.6800000000000	26.7753096333899
98.7200000000000	26.8387170850679
98.7600000000000	26.9019442441914
98.8000000000000	26.9649918116466
98.8400000000000	27.0278604848815
98.8800000000000	27.0905509579269
98.9200000000000	27.1530639214154
98.9600000000000	27.2154000626014
99	27.2775600653809
99.0400000000000	27.3395446103108
99.0800000000000	27.4013543746282
99.1200000000000	27.4629900322695
99.1600000000000	27.5244522538898
99.2000000000000	27.5857417068814
99.2400000000000	27.6468590553932
99.2800000000000	27.7078049603486
99.3200000000000	27.7685800794649
99.3600000000000	27.8291850672711
99.4000000000000	27.8896205751266
99.4400000000000	27.9498872512392
99.4800000000000	28.0099857406833
99.5200000000000	28.0699166854178
99.5600000000000	28.1296807243041
99.6000000000000	28.1892784931234
99.6400000000000	28.2487106245947
99.6800000000000	28.3079777483924
99.7200000000000	28.3670804911631
99.7600000000000	28.4260194765434
99.8000000000000	28.4847953251770
99.8400000000000	28.5434086547313
99.8800000000000	28.6018600799149
99.9200000000000	28.6601502124940
99.9600000000000	28.7182796613092
100	28.7762490322923