0	0
0.0400000000000000	0.306357169609635
0.0800000000000000	0.815415681096686
0.120000000000000	1.50839676762916
0.160000000000000	2.34185663632447
0.200000000000000	3.27854024200105
0.240000000000000	4.28101366663729
0.280000000000000	5.31246567904065
0.320000000000000	6.34649476823687
0.360000000000000	7.36651359281948
0.400000000000000	8.36055474164172
0.440000000000000	9.32713345698685
0.480000000000000	10.2592209272698
0.520000000000000	11.1581412253783
0.560000000000000	12.0245801270496
0.600000000000000	12.8583577846759
0.640000000000000	13.6641146474737
0.680000000000000	14.4446109103506
0.720000000000000	15.1987225336334
0.760000000000000	15.9304611668355
0.800000000000000	16.6430972130938
0.840000000000000	17.3385537433524
0.880000000000000	18.0160466877545
0.920000000000000	18.6767056558488
0.960000000000000	19.3227886559780
1	19.9555800179154
1.04000000000000	20.5756995678983
1.08000000000000	21.1832111385947
1.12000000000000	21.7760791311188
1.16000000000000	22.3515911311109
1.20000000000000	22.9137705699362
1.24000000000000	23.4641731484391
1.28000000000000	24.0053894980253
1.32000000000000	24.5408519101646
1.36000000000000	25.0722059256911
1.40000000000000	25.6019443685353
1.44000000000000	26.1289358472354
1.48000000000000	26.6516104642512
1.52000000000000	27.1721707034208
1.56000000000000	27.6911621561968
1.60000000000000	28.2097803363251
1.64000000000000	28.7272760786499
1.68000000000000	29.2439824404368
1.72000000000000	29.7604906719416
1.76000000000000	30.2767361941022
1.80000000000000	30.7923747680267
1.84000000000000	31.3058379466940
1.88000000000000	31.8136961211136
1.92000000000000	32.3159170361673
1.96000000000000	32.8157376321511
2	33.3115079163316
2.04000000000000	33.8040474509118
2.08000000000000	34.2930856997444
2.12000000000000	34.7787687169555
2.16000000000000	35.2611426819674
2.20000000000000	35.7402873732718
2.24000000000000	36.2162606962153
2.28000000000000	36.6890909933343
2.32000000000000	37.1588107463995
2.36000000000000	38.1739462163541
2.40000000000000	38.7690213750842
2.44000000000000	39.2210263794590
2.48000000000000	39.6045604978235
2.52000000000000	39.9568074948953
2.56000000000000	40.2951547512967
2.60000000000000	40.6281461782561
2.64000000000000	40.9582734052628
2.68000000000000	41.2866930584905
2.72000000000000	41.6143613127872
2.76000000000000	41.9416666861463
2.80000000000000	42.2687192451015
2.84000000000000	42.5955326420612
2.88000000000000	42.9220690182791
2.92000000000000	43.2483236198530
2.96000000000000	43.5741325409871
3	43.8988302026730
3.04000000000000	44.2227306572842
3.08000000000000	44.5462180937178
3.12000000000000	44.8693273812243
3.16000000000000	45.1920623877357
3.20000000000000	45.5143466320181
3.24000000000000	45.8361582424056
3.28000000000000	46.1576706594185
3.32000000000000	46.4790105944481
3.36000000000000	46.8001756865218
3.40000000000000	47.1211655619779
3.44000000000000	47.4419798368046
3.48000000000000	47.7625793569966
3.52000000000000	48.0827999749604
3.56000000000000	48.4027138004330
3.60000000000000	48.7224508919263
3.64000000000000	49.0419997315555
3.68000000000000	49.3613608314577
3.72000000000000	49.6805338174044
3.76000000000000	49.9995183715111
3.80000000000000	50.3179061647529
3.84000000000000	50.6355213738403
3.88000000000000	50.9522215078971
3.92000000000000	51.2680198020164
3.96000000000000	51.5829200151665
4	51.8969263342117
4.04000000000000	52.2100428958913
4.08000000000000	52.5222738047987
4.12000000000000	52.8333433249733
4.16000000000000	53.1427273840167
4.20000000000000	53.4511903508887
4.24000000000000	53.7586483371753
4.28000000000000	54.0651521790235
4.32000000000000	54.3706833933107
4.36000000000000	54.6752572386001
4.40000000000000	54.9788733530113
4.44000000000000	55.2815381586481
4.48000000000000	55.5832552330868
4.52000000000000	55.8840292248431
4.56000000000000	56.1838643488168
4.60000000000000	56.4827649326860
4.64000000000000	56.7807352302033
4.68000000000000	57.0777795580606
4.72000000000000	57.3739025895812
4.76000000000000	57.6691083263543
4.80000000000000	57.9634004035402
4.84000000000000	58.1499199660312
4.88000000000000	58.2113856537382
4.92000000000000	58.2354800430744
4.96000000000000	58.4195375542611
5	58.4399024671851
5.04000000000000	58.4387387230272
5.08000000000000	58.5089252598660
5.12000000000000	58.5177491287974
5.16000000000000	58.5063150649829
5.20000000000000	58.4892607020661
5.24000000000000	58.4695410284770
5.28000000000000	58.4482989750681
5.32000000000000	58.4261058684267
5.36000000000000	58.4032815049901
5.40000000000000	58.3800208731749
5.44000000000000	58.3564507601024
5.48000000000000	58.3326578033518
5.52000000000000	58.3087036820573
5.56000000000000	58.2846339166187
5.60000000000000	58.2604832459487
5.64000000000000	58.2362790617020
5.68000000000000	58.2120436864963
5.72000000000000	58.1877959376520
5.76000000000000	58.1635522353005
5.80000000000000	58.1393274122925
5.84000000000000	58.1151353246081
5.88000000000000	58.0909893256615
5.92000000000000	58.0669026458936
5.96000000000000	58.0428887048527
6	58.0189613734326
6.04000000000000	57.9951351972570
6.08000000000000	57.9714255872622
6.12000000000000	57.9478489796905
6.16000000000000	57.9244229645678
6.20000000000000	57.9011663791030
6.24000000000000	57.8780993602624
6.28000000000000	57.8552433490933
6.32000000000000	57.8326210383715
6.36000000000000	57.8102562550817
6.40000000000000	57.7881737704111
6.44000000000000	57.7663990326562
6.48000000000000	57.7449578229056
6.52000000000000	57.7238758395726
6.56000000000000	57.7031782254653
6.60000000000000	57.6828890593285
6.64000000000000	57.6630308414844
6.68000000000000	57.6436240088256
6.72000000000000	57.6246913504491
6.76000000000000	57.6062621888397
6.80000000000000	57.5883638764271
6.84000000000000	57.5673494520642
6.88000000000000	57.5458671258302
6.92000000000000	57.5249829451561
6.96000000000000	57.5047084834134
7	57.4850509819557
7.04000000000000	57.4660136879762
7.08000000000000	57.4475963773203
7.12000000000000	57.4297959995799
7.16000000000000	57.4126073757095
7.20000000000000	57.3960238827098
7.24000000000000	57.3800380729814
7.28000000000000	57.3646421937141
7.32000000000000	57.3498285900403
7.36000000000000	57.3355899914908
7.40000000000000	57.3219196928042
7.44000000000000	57.3088116469271
7.48000000000000	57.2962604906569
7.52000000000000	57.2842615228621
7.56000000000000	57.2728106527153
7.60000000000000	57.2619043319348
7.64000000000000	57.2515394813953
7.68000000000000	57.2417134191510
7.72000000000000	57.2324237941614
7.76000000000000	57.2236685279100
7.80000000000000	57.2154457646244
7.84000000000000	57.2077538298535
7.88000000000000	57.2005911966109
7.92000000000000	57.1939564580512
7.96000000000000	57.1878483055873
8	57.1822655114282
8.04000000000000	57.1772069146384
8.08000000000000	57.1726714099670
8.12000000000000	57.1686579388378
8.16000000000000	57.1651654820206
8.20000000000000	57.1621930536116
8.24000000000000	57.1597396960384
8.28000000000000	57.1578044758721
8.32000000000000	57.1563864802831
8.36000000000000	57.1554848140143
8.40000000000000	57.1550985967763
8.44000000000000	57.1552269609902
8.48000000000000	57.1558690498192
8.52000000000000	57.1570240154443
8.56000000000000	57.1586910175452
8.60000000000000	57.1608692219582
8.64000000000000	57.1635577994849
8.68000000000000	57.1667559248328
8.72000000000000	57.1704627756686
8.76000000000000	57.1746775317724
8.80000000000000	57.1793993742779
8.84000000000000	57.1846274849898
8.88000000000000	57.1903610457693
8.92000000000000	57.1965992379792
8.96000000000000	57.2033586446084
9	57.2107167930660
9.04000000000000	57.2187342417156
9.08000000000000	57.2274378665734
9.12000000000000	57.2368354913083
9.16000000000000	57.2469285822192
9.20000000000000	57.2576657235467
9.24000000000000	57.2689720778135
9.28000000000000	57.2808921166842
9.32000000000000	57.2934556057412
9.36000000000000	57.3066745097079
9.40000000000000	57.3205530019010
9.44000000000000	57.3350919007895
9.48000000000000	57.3502906074844
9.52000000000000	57.3661479366551
9.56000000000000	57.3826624657900
9.60000000000000	57.3998326788051
9.64000000000000	57.4176570236137
9.68000000000000	57.4361339344617
9.72000000000000	57.4552618401524
9.76000000000000	57.4750391667626
9.80000000000000	57.4954643382727
9.84000000000000	57.5165094418615
9.88000000000000	57.5381615625953
9.92000000000000	57.5604379891801
9.96000000000000	57.5833441325175
10	57.6068809419227
10.0400000000000	57.6310477168402
10.0800000000000	57.6558431558561
10.1200000000000	57.6812657411094
10.1600000000000	57.7073138764689
10.2000000000000	57.7339696947385
10.2400000000000	57.7612224333755
10.2800000000000	57.7890926902601
10.3200000000000	57.8175901980905
10.3600000000000	57.8467178973502
10.4000000000000	57.8764779805913
10.4400000000000	57.9068715947529
10.4800000000000	57.9378989318632
10.5200000000000	57.9695595869325
10.5600000000000	58.0018492989172
10.6000000000000	58.0346709062797
10.6400000000000	58.0680365821822
10.6800000000000	58.1019753007186
10.7200000000000	58.1365001630115
10.7600000000000	58.1716168316064
10.8000000000000	58.2073274988651
10.8400000000000	58.2436327454020
10.8800000000000	58.2805324052477
10.9200000000000	58.3180279069295
10.9600000000000	58.3561192243367
11	58.3948015914035
11.0400000000000	58.4340719129886
11.0800000000000	58.4739283851589
11.1200000000000	58.5143697529004
11.1600000000000	58.5553949900222
11.2000000000000	58.5970031622257
11.2400000000000	58.6391933690144
11.2800000000000	58.6819397749792
11.3200000000000	58.7252016524316
11.3600000000000	58.7689734224048
11.4000000000000	58.8132781331705
11.4400000000000	58.8581276573662
11.4800000000000	58.9035277911377
11.5200000000000	58.9494812763132
11.5600000000000	58.9959893206687
11.6000000000000	59.0430523606545
11.6400000000000	59.0906704429398
11.6800000000000	59.1388434147087
11.7200000000000	59.1875710183009
11.7600000000000	59.2368884590532
11.8000000000000	59.2868047992576
11.8400000000000	59.3373174430982
11.8800000000000	59.3884248680151
11.9200000000000	59.4401260566572
11.9600000000000	59.4924202242815
12	59.5453066884571
12.0400000000000	59.5987848070628
12.0800000000000	59.6528539489435
12.1200000000000	59.7075134801289
12.1600000000000	59.7627627574400
12.2000000000000	59.8186011255930
12.2400000000000	59.8750132792333
12.2800000000000	59.9319833048114
12.3200000000000	59.9895225164500
12.3600000000000	60.0476380736977
12.4000000000000	60.1063332246686
12.4400000000000	60.1656092448661
12.4800000000000	60.2254664139935
12.5200000000000	60.2859045070212
12.5600000000000	60.3469230405078
12.6000000000000	60.4085213958917
12.6400000000000	60.4708800294729
12.6800000000000	60.5345383350632
12.7200000000000	60.5999456534091
12.7600000000000	60.6673512209702
12.8000000000000	60.7368907249858
12.8400000000000	60.8086693782281
12.8800000000000	60.8827409869444
12.9200000000000	60.9591006707526
12.9600000000000	61.0376075764471
13	61.1180786400660
13.0400000000000	61.2005453404590
13.0800000000000	61.2850509213284
13.1200000000000	61.3715735200121
13.1600000000000	61.4601345023342
13.2000000000000	61.5507933550401
13.2400000000000	61.6435945756487
13.2800000000000	61.7385736581162
13.3200000000000	61.8357402089682
13.3600000000000	61.9350943534192
13.4000000000000	62.0366381918235
13.4400000000000	62.1403767854492
13.4800000000000	62.2463167394857
13.5200000000000	62.3544654244284
13.5600000000000	62.4648305502488
13.6000000000000	62.5774199347886
13.6400000000000	62.6921968890545
13.6800000000000	62.8087629538633
13.7200000000000	62.9267219723600
13.7600000000000	63.0458360707956
13.8000000000000	63.1659831347950
13.8400000000000	63.2871020477912
13.8800000000000	63.4091637467631
13.9200000000000	63.5321559966668
13.9600000000000	63.6560754006533
14	63.7809232123823
14.0400000000000	63.9067031424133
14.0800000000000	64.0334202094652
14.1200000000000	64.1610801389442
14.1600000000000	64.2896890480671
14.2000000000000	64.4192532810637
14.2400000000000	64.5497793229733
14.2800000000000	64.6812737546012
14.3200000000000	64.8137432290333
14.3600000000000	64.9471889200091
14.4000000000000	65.0814719480121
14.4400000000000	65.2164473859559
14.4800000000000	65.3520286186485
14.5200000000000	65.4881748486414
14.5600000000000	65.6248692374708
14.6000000000000	65.7621075136593
14.6400000000000	65.8998920345996
14.6800000000000	66.0382286884955
14.7200000000000	66.1792243580666
14.7600000000000	66.3233898681687
14.8000000000000	66.4681150069267
14.8400000000000	66.6134126082082
14.8800000000000	66.7592944473031
14.9200000000000	66.9057718041260
14.9600000000000	67.0528557617357
15	67.2005573653537
15.0400000000000	67.3488877077225
15.0800000000000	67.4978579755029
15.1200000000000	67.6474408304182
15.1600000000000	67.7975982082933
15.2000000000000	67.9483080820607
15.2400000000000	68.0995619473692
15.2800000000000	68.2513586112975
15.3200000000000	68.4037008515422
15.3600000000000	68.5565936186454
15.4000000000000	68.7100430679503
15.4400000000000	68.8640560380165
15.4800000000000	69.0186397694748
15.5200000000000	69.1738017534902
15.5600000000000	69.1957692537948
15.6000000000000	69.3096748563549
15.6400000000000	69.5013393374573
15.6800000000000	69.7022752952194
15.7200000000000	69.9041389058142
15.7600000000000	70.1071340578394
15.8000000000000	70.3112648104628
15.8400000000000	70.5161387913674
15.8800000000000	70.7214658681057
15.9200000000000	70.9270478957030
15.9600000000000	71.1329022232730
16	71.3390329347574
16.0400000000000	71.5454449115438
16.0800000000000	71.7521429993408
16.1200000000000	71.9591320554820
16.1600000000000	72.1663960822500
16.2000000000000	72.3738150767516
16.2400000000000	72.5813251510503
16.2800000000000	72.7889002798613
16.3200000000000	72.9965496786923
16.3600000000000	73.2042794665726
16.4000000000000	73.4120960173174
16.4400000000000	73.6200056807787
16.4800000000000	73.8280148055353
16.5200000000000	74.0361297377630
16.5600000000000	74.2442860369192
16.6000000000000	74.4524115127758
16.6400000000000	74.6604597210257
16.6800000000000	74.8684330326311
16.7200000000000	75.0763312101477
16.7600000000000	75.2841541458512
16.8000000000000	75.4919017259639
16.8400000000000	75.5801476139875
16.8800000000000	75.5823455395200
16.9200000000000	75.6769868368467
16.9600000000000	75.6670004287963
17	75.6407462766696
17.0400000000000	75.6093267213829
17.0800000000000	75.5755841953949
17.1200000000000	75.5406630194066
17.1600000000000	75.5051094763205
17.2000000000000	75.4692109262737
17.2400000000000	75.4331271382981
17.2800000000000	75.3969469428861
17.3200000000000	75.3607241089976
17.3600000000000	75.3244919582544
17.4000000000000	75.2882745879745
17.4400000000000	75.2520814972837
17.4800000000000	75.2159141366509
17.5200000000000	75.1797724754589
17.5600000000000	75.1436564831388
17.6000000000000	75.1075661291695
17.6400000000000	75.0715013830777
17.6800000000000	75.0354622144382
17.7200000000000	74.9994485928733
17.7600000000000	74.9634604880528
17.8000000000000	74.9274978696942
17.8400000000000	74.8915607075626
17.8800000000000	74.8556489714699
17.9200000000000	74.8197626312758
17.9600000000000	74.7839016568867
18	74.7480660182564
18.0400000000000	74.7122556853854
18.0800000000000	74.6764706283213
18.1200000000000	74.6407108171583
18.1600000000000	74.6049762220374
18.2000000000000	74.5692668131461
18.2400000000000	74.5335825607184
18.2800000000000	74.4979234350348
18.3200000000000	74.4622894064221
18.3600000000000	74.4266804452534
18.4000000000000	74.3910965219477
18.4400000000000	74.3555376069703
18.4800000000000	74.3200036708323
18.5200000000000	74.2844946840909
18.5600000000000	74.2490106173488
18.6000000000000	74.2135514412545
18.6400000000000	74.1781171265023
18.6800000000000	74.1427076438317
18.7200000000000	74.1073229640278
18.7600000000000	74.0719632700286
18.8000000000000	74.0366289173724
18.8400000000000	74.0013202880342
18.8800000000000	73.9660378000830
18.9200000000000	73.9307819279812
18.9600000000000	73.8955532209486
19	73.8603523195784
19.0400000000000	73.8251799704973
19.0800000000000	73.7900370385829
19.1200000000000	73.7549245160803
19.1600000000000	73.7198435278993
19.2000000000000	73.6847953324250
19.2400000000000	73.6497813173168
19.2800000000000	73.6148029900118
19.3200000000000	73.5798619629437
19.3600000000000	73.5449599338221
19.4000000000000	73.5100986616487
19.4400000000000	73.4752799394463
19.4800000000000	73.4405055649063
19.5200000000000	73.4057773103032
19.5600000000000	73.3710968930619
19.6000000000000	73.3364659482985
19.6400000000000	73.3018860044895
19.6800000000000	73.2673584631875
19.7200000000000	73.2328845834108
19.7600000000000	73.1984670809211
19.8000000000000	73.1641104535038
19.8400000000000	73.1298198030763
19.8800000000000	73.0956007749600
19.9200000000000	73.0614595999351
19.9600000000000	73.0274031336182
20	72.9934388919214
20.0400000000000	72.9595750811324
20.0800000000000	72.9258206209527
20.1200000000000	72.8921851586555
20.1600000000000	72.8586790723882
20.2000000000000	72.8253134615771
20.2400000000000	72.7921001224154
20.2800000000000	72.7590515065538
20.3200000000000	72.7261806614041
20.3600000000000	72.6935014582721
20.4000000000000	72.6610316294658
20.4400000000000	72.6287922467597
20.4800000000000	72.5968061237441
20.5200000000000	72.5650976223590
20.5600000000000	72.5336925146371
20.6000000000000	72.5026177709596
20.6400000000000	72.4719012674843
20.6800000000000	72.4415714095063
20.7200000000000	72.4116566734449
20.7600000000000	72.3821850777826
20.8000000000000	72.3531836020759
20.8400000000000	72.3246775821289
20.8800000000000	72.2966901171791
20.9200000000000	72.2692415298770
20.9600000000000	72.2423489204528
21	72.2160258518008
21.0400000000000	72.1902821922264
21.0800000000000	72.1651241283777
21.1200000000000	72.1405528016254
21.1600000000000	72.1165632759262
21.2000000000000	72.0931480517167
21.2400000000000	72.0702979629133
21.2800000000000	72.0480027919995
21.3200000000000	72.0262518219514
21.3600000000000	72.0050343009548
21.4000000000000	71.9843398084793
21.4400000000000	71.9641585220960
21.4800000000000	71.9444813925383
21.5200000000000	71.9253002396742
21.5600000000000	71.9066077845506
21.6000000000000	71.8883976330510
21.6400000000000	71.8706642256070
21.6800000000000	71.8534027654337
21.7200000000000	71.8366091354035
21.7600000000000	71.8202798112829
21.8000000000000	71.8044117768664
21.8400000000000	71.7890024446647
21.8800000000000	71.7740495842961
21.9200000000000	71.7595512595766
21.9600000000000	71.7455057744730
22	71.7319116275303
22.0400000000000	71.7187674740409
22.0800000000000	71.7060720950506
22.1200000000000	71.6938243722401
22.1600000000000	71.6820232677440
22.2000000000000	71.6706678080414
22.2400000000000	71.6597570711541
22.2800000000000	71.6492901764930
22.3200000000000	71.6392662768058
22.3600000000000	71.6296845517750
22.4000000000000	71.6205442029057
22.4400000000000	71.6118444494167
22.4800000000000	71.6035845249118
22.5200000000000	71.5957636746569
22.5600000000000	71.5883811533312
22.6000000000000	71.5814362231499
22.6400000000000	71.6101666743561
22.6800000000000	71.6915786923782
22.7200000000000	71.7914150230371
22.7600000000000	71.8989667526061
22.8000000000000	72.0097854375780
22.8400000000000	72.1216718329949
22.8800000000000	72.2335773649736
22.9200000000000	72.3450314234284
22.9600000000000	72.4558314279885
23	72.5659055496919
23.0400000000000	72.6752118125880
23.0800000000000	72.7837305265610
23.1200000000000	72.8914546367656
23.1600000000000	72.9983828274091
23.2000000000000	73.1045163906032
23.2400000000000	73.2098578034158
23.2800000000000	73.3144099566655
23.3200000000000	73.4181927766726
23.3600000000000	73.5212309785143
23.4000000000000	73.6235399039994
23.4400000000000	73.7251277232463
23.4800000000000	73.8259995103132
23.5200000000000	73.9261590001021
23.5600000000000	74.0256093472313
23.6000000000000	74.1243534543948
23.6400000000000	74.2223290420803
23.6800000000000	74.3195591135509
23.7200000000000	74.4160750423725
23.7600000000000	74.5118904674493
23.8000000000000	74.6070121936944
23.8400000000000	74.7014443850262
23.8800000000000	74.7951901827417
23.9200000000000	74.8882523319592
23.9600000000000	74.9806334247216
24	75.0723598611703
24.0400000000000	75.1634895160666
24.0800000000000	75.2539661281593
24.1200000000000	75.3436335581605
24.1600000000000	75.4323758192638
24.2000000000000	75.5201484329239
24.2400000000000	75.6069357893636
24.2800000000000	75.6927271243196
24.3200000000000	75.7775075686031
24.3600000000000	75.8613680622840
24.4000000000000	75.9443741462642
24.4400000000000	76.0265461423267
24.4800000000000	76.1078913361998
24.5200000000000	76.1884132122473
24.5600000000000	76.2681141398243
24.6000000000000	76.3469976420681
24.6400000000000	76.4250685529592
24.6800000000000	76.5023214699356
24.7200000000000	76.5787530038029
24.7600000000000	76.6543634571170
24.8000000000000	76.7291543546223
24.8400000000000	76.8031276342903
24.8800000000000	76.8762853800522
24.9200000000000	76.9485611762045
24.9600000000000	77.0198459560066
25	77.0902172818408
25.0400000000000	77.1597239065983
25.0800000000000	77.2283771157039
25.1200000000000	77.2961810223906
25.1600000000000	77.3631383366755
25.2000000000000	77.4292514956940
25.2400000000000	77.4945228908450
25.2800000000000	77.5589549145510
25.3200000000000	77.6225245571923
25.3600000000000	77.6852276972649
25.4000000000000	77.7471137186595
25.4400000000000	77.8081939447009
25.4800000000000	77.8684716598815
25.5200000000000	77.9279490241661
25.5600000000000	77.9866280445267
25.6000000000000	78.0445107176568
25.6400000000000	78.1015990518484
25.6800000000000	78.1578950705125
25.7200000000000	78.2134008128006
25.7600000000000	78.2680805796985
25.8000000000000	78.3219264974027
25.8400000000000	78.3749732888784
25.8800000000000	78.4272357525059
25.9200000000000	78.4787308361110
25.9600000000000	78.5294730576433
26	78.5794658114913
26.0400000000000	78.6287108837259
26.0800000000000	78.6772098025032
26.1200000000000	78.7249640396158
26.1600000000000	78.7719750420712
26.2000000000000	78.8182442373358
26.2400000000000	78.8637730343196
26.2800000000000	78.9085628236428
26.3200000000000	78.9526149777768
26.3600000000000	78.9959308511637
26.4000000000000	79.0385117803322
26.4400000000000	79.0803590840131
26.4800000000000	79.1214740632564
26.5200000000000	79.1618580015493
26.5600000000000	79.2015121649354
26.6000000000000	79.2404378021359
26.6400000000000	79.2786199999910
26.6800000000000	79.3159328828436
26.7200000000000	79.3524226509934
26.7600000000000	79.3881594043526
26.8000000000000	79.4231463040247
26.8400000000000	79.4573848765131
26.8800000000000	79.4908765717701
26.9200000000000	79.5236228199055
26.9600000000000	79.5556250340563
27	79.5868846107262
27.0400000000000	79.6174029299821
27.0800000000000	79.6471813556449
27.1200000000000	79.6762212354868
27.1600000000000	79.7045239014330
27.2000000000000	79.7320906697713
27.2400000000000	79.7589228413669
27.2800000000000	79.7850217018867
27.3200000000000	79.8103885220299
27.3600000000000	79.8350245577678
27.4000000000000	79.8589310505931
27.4400000000000	79.8821092277783
27.4800000000000	79.9045603026450
27.5200000000000	79.9262854748444
27.5600000000000	79.9472859306500
27.6000000000000	79.9675628432626
27.6400000000000	79.9871173731301
27.6800000000000	80.0059320277575
27.7200000000000	80.0239693608525
27.7600000000000	80.0412014120336
27.8000000000000	80.0576222534861
27.8400000000000	80.0732317511240
27.8800000000000	80.0880313500981
27.9200000000000	80.1020229493402
27.9600000000000	80.1152085924418
28	80.1275903808643
28.0400000000000	80.1461136417410
28.0800000000000	80.1744332273652
28.1200000000000	80.2059448783881
28.1600000000000	80.2384301212392
28.2000000000000	80.2715171653049
28.2400000000000	80.3051597333645
28.2800000000000	80.3393515404534
28.3200000000000	80.3740906321421
28.3600000000000	80.4093754809778
28.4000000000000	80.4452045941634
28.4400000000000	80.4815764773381
28.4800000000000	80.5184896314985
28.5200000000000	80.5559425527291
28.5600000000000	80.5939337321513
28.6000000000000	80.6324616558899
28.6400000000000	80.6715248050432
28.6800000000000	80.7111216556558
28.7200000000000	80.7511949449626
28.7600000000000	80.7917283685795
28.8000000000000	80.8327606028227
28.8400000000000	80.8743008191068
28.8800000000000	80.9163502797921
28.9200000000000	80.9589081534693
28.9600000000000	81.0019730611868
29	81.0455434813171
29.0400000000000	81.0896178538498
29.0800000000000	81.1341946067993
29.1200000000000	81.1792721627669
29.1600000000000	81.2248489405313
29.2000000000000	81.2709233554158
29.2400000000000	81.3174938193623
29.2800000000000	81.3645587409361
29.3200000000000	81.4121386402970
29.3600000000000	81.4602503973648
29.4000000000000	81.5089037477943
29.4400000000000	81.5581006481555
29.4800000000000	81.6078414500350
29.5200000000000	81.6581261781140
29.5600000000000	81.7089547898260
29.6000000000000	81.7603272271308
29.6400000000000	81.8122434266997
29.6800000000000	81.8647033219497
29.7200000000000	81.9177068435115
29.7600000000000	81.9712539194031
29.8000000000000	82.0253444751462
29.8400000000000	82.0799784338718
29.8800000000000	82.1351557164215
29.9200000000000	82.1908762414458
29.9600000000000	82.2471399255017
30	82.3039466831473
30.0400000000000	82.3612964270343
30.0800000000000	82.4191890679993
30.1200000000000	82.4776245151528
30.1600000000000	82.5366026759664
30.2000000000000	82.5961311751547
30.2400000000000	82.6562237330846
30.2800000000000	82.7168921547557
30.3200000000000	82.7781378694993
30.3600000000000	82.8399605065186
30.4000000000000	82.9023594513992
30.4400000000000	82.9653340564348
30.4800000000000	83.0288668101399
30.5200000000000	83.0929508717054
30.5600000000000	83.1576017721675
30.6000000000000	83.2228220255619
30.6400000000000	83.2886115975657
30.6800000000000	83.3549699627869
30.7200000000000	83.4218965017857
30.7600000000000	83.4893905762247
30.8000000000000	83.5574515428265
30.8400000000000	83.6260787559285
30.8800000000000	83.6952715679559
30.9200000000000	83.7650293295237
30.9600000000000	83.8353513894713
31	83.9062370948869
31.0400000000000	83.9776857911287
31.0800000000000	84.0496968218459
31.1200000000000	84.1222695289990
31.1600000000000	84.1954032528792
31.2000000000000	84.2690973321284
31.2400000000000	84.3433511037575
31.2800000000000	84.4181639031653
31.3200000000000	84.4935350641566
31.3600000000000	84.5694639189598
31.4000000000000	84.6459068093406
31.4400000000000	84.7227270876760
31.4800000000000	84.7998244602826
31.5200000000000	84.8771679789135
31.5600000000000	84.9547540931608
31.6000000000000	85.0325821299529
31.6400000000000	85.1106517134082
31.6800000000000	85.1889624977606
31.7200000000000	85.2675141400967
31.7600000000000	85.3463062976126
31.8000000000000	85.4253386273420
31.8400000000000	85.5046107861314
31.8800000000000	85.5841224306376
31.9200000000000	85.6638732173294
31.9600000000000	85.7438628024886
32	85.8240908422105
32.0400000000000	85.9045569924054
32.0800000000000	85.9852593984663
32.1200000000000	86.0661974605234
32.1600000000000	86.1473738528004
32.2000000000000	86.2287891741680
32.2400000000000	86.3104432410520
32.2800000000000	86.3923357113472
32.3200000000000	86.4744662108258
32.3600000000000	86.5568343586282
32.4000000000000	86.6394397723808
32.4400000000000	86.7222820692197
32.4800000000000	86.8053608659966
32.5200000000000	86.8886757793205
32.5600000000000	86.9722264255686
32.6000000000000	87.0560124208900
32.6400000000000	87.1400333812082
32.6800000000000	87.2242889222233
32.7200000000000	87.3087786594147
32.7600000000000	87.3935022080431
32.8000000000000	87.4784591831526
32.8400000000000	87.5636491995732
32.8800000000000	87.6490718719229
32.9200000000000	87.7347268146097
32.9600000000000	87.8206136418344
33	87.9067319675918
33.0400000000000	87.9930814056737
33.0800000000000	88.0796615696708
33.1200000000000	88.1664720729746
33.1600000000000	88.2535125287796
33.2000000000000	88.3407825500858
33.2400000000000	88.4282817497001
33.2800000000000	88.5160097402390
33.3200000000000	88.6039661341303
33.3600000000000	88.6921505436153
33.4000000000000	88.7805625807509
33.4400000000000	88.8692018574113
33.4800000000000	88.9580679852905
33.5200000000000	89.0471438690274
33.5600000000000	89.1364050068396
33.6000000000000	89.2258360540307
33.6400000000000	89.3154349705787
33.6800000000000	89.4052019852774
33.7200000000000	89.4951377143126
33.7600000000000	89.5852428411645
33.8000000000000	89.6755180622245
33.8400000000000	89.7659640775719
33.8800000000000	89.8565815894177
33.9200000000000	89.9473713018481
33.9600000000000	90.0383339207885
34	90.1294701540041
34.0400000000000	90.2207807111074
34.0800000000000	90.3122663035668
34.1200000000000	90.4039276447149
34.1600000000000	90.4957654497570
34.2000000000000	90.5877804357803
34.2400000000000	90.6799733217619
34.2800000000000	90.7723448285781
34.3200000000000	90.8648956790127
34.3600000000000	90.9576265977657
34.4000000000000	91.0505383114623
34.4400000000000	91.1436315486615
34.4800000000000	91.2369070398649
34.5200000000000	91.3303655175253
34.5600000000000	91.4240077160558
34.6000000000000	91.5178343718385
34.6400000000000	91.6118462232331
34.6800000000000	91.7060440105863
34.7200000000000	91.8004284762399
34.7600000000000	91.8950003645405
34.8000000000000	91.9897604218479
34.8400000000000	92.0847093965438
34.8800000000000	92.1798480390417
34.9200000000000	92.2751771017946
34.9600000000000	92.3706973393050
35	92.4664095081334
35.0400000000000	92.5623143669072
35.0800000000000	92.6584126763303
35.1200000000000	92.7547051991914
35.1600000000000	92.8511927003737
35.2000000000000	92.9478759468635
35.2400000000000	93.0447549372266
35.2800000000000	93.1418285356265
35.3200000000000	93.2390951909815
35.3600000000000	93.3365534333910
35.4000000000000	93.4342018064491
35.4400000000000	93.5320388565046
35.4800000000000	93.6300631309868
35.5200000000000	93.7282731781649
35.5600000000000	93.8266675471337
35.6000000000000	93.9252441205384
35.6400000000000	94.0239739420780
35.6800000000000	94.1228408572759
35.7200000000000	94.2218360190325
35.7600000000000	94.3209589120673
35.8000000000000	94.4202102704968
35.8400000000000	94.5195880301023
35.8800000000000	94.6190948372105
35.9200000000000	94.7187366000396
35.9600000000000	94.8185143141216
36	94.9184289364182
36.0400000000000	95.0229992602187
36.0800000000000	95.1342685046985
36.1200000000000	95.2463601430577
36.1600000000000	95.3584349625286
36.2000000000000	95.4703994453491
36.2400000000000	95.5822435313590
36.2800000000000	95.6939661514297
36.3200000000000	95.8055672103489
36.3600000000000	95.9170467196978
36.4000000000000	96.0284047031360
36.4400000000000	96.1396411859476
36.4800000000000	96.2507561938756
36.5200000000000	96.3617497529898
36.5600000000000	96.4726218896711
36.6000000000000	96.5833726306093
36.6400000000000	96.6940020028018
36.6800000000000	96.8045100335534
36.7200000000000	96.9148967504750
36.7600000000000	97.0251621814832
36.8000000000000	97.1353063547996
36.8400000000000	97.2453292989498
36.8800000000000	97.3552310427629
36.9200000000000	97.4650116153709
36.9600000000000	97.5746710462076
37	97.6842093650082
37.0400000000000	97.7936266018081
37.0800000000000	97.9029227869430
37.1200000000000	98.0120979510473
37.1600000000000	98.1211521250538
37.2000000000000	98.2300853401930
37.2400000000000	98.3388976279922
37.2800000000000	98.4475843912984
37.3200000000000	98.5561423881261
37.3600000000000	98.6645823831697
37.4000000000000	98.7729171525282
37.4400000000000	98.8811465534960
37.4800000000000	98.9892705810441
37.5200000000000	99.0972892292268
37.5600000000000	99.2052024924293
37.6000000000000	99.3130103653578
37.6400000000000	99.4207128430392
37.6800000000000	99.5283099208203
37.7200000000000	99.6358015943670
37.7600000000000	99.7431878596642
37.8000000000000	99.8504687130148
37.8400000000000	99.9576441510395
37.8800000000000	100.064714170676
37.9200000000000	100.171678769177
37.9600000000000	100.278537944113
38	100.385291693369
38.0400000000000	100.491940015144
38.0800000000000	100.598482907950
38.1200000000000	100.704920370615
38.1600000000000	100.811252402278
38.2000000000000	100.917479002391
38.2400000000000	101.023600170716
38.2800000000000	101.129615907326
38.3200000000000	101.235526212607
38.3600000000000	101.341331087252
38.4000000000000	101.447030532265
38.4400000000000	101.552624548955
38.4800000000000	101.658113138943
38.5200000000000	101.763496304155
38.5600000000000	101.868774046825
38.6000000000000	101.973946369491
38.6400000000000	102.079013274998
38.6800000000000	102.183974766495
38.7200000000000	102.288830847436
38.7600000000000	102.393581521577
38.8000000000000	102.498226792979
38.8400000000000	102.602766666004
38.8800000000000	102.707201145315
38.9200000000000	102.811530235878
38.9600000000000	102.915753942958
39	103.019872272119
39.0400000000000	103.078048385570
39.0800000000000	103.075080849947
39.1200000000000	103.066113458592
39.1600000000000	103.054596917871
39.2000000000000	103.041867568770
39.2400000000000	103.028536878869
39.2800000000000	103.014905723678
39.3200000000000	103.001127476804
39.3600000000000	102.987281729058
39.4000000000000	102.973410157939
39.4400000000000	102.959534684113
39.4800000000000	102.945666857503
39.5200000000000	102.931812763784
39.5600000000000	102.917975604148
39.6000000000000	102.904157055771
39.6400000000000	102.890357990316
39.6800000000000	102.876578853673
39.7200000000000	102.862819866698
39.7600000000000	102.849081131334
39.8000000000000	102.835362686715
39.8400000000000	102.821664538811
39.8800000000000	102.807986676097
39.9200000000000	102.794329077838
39.9600000000000	102.780691718454
40	102.767074569833
40.0400000000000	102.753477602551
40.0800000000000	102.739900786515
40.1200000000000	102.726344091302
40.1600000000000	102.712807486341
40.2000000000000	102.699290941002
40.2400000000000	102.685794424653
40.2800000000000	102.672317906678
40.3200000000000	102.658861356501
40.3600000000000	102.645424743581
40.4000000000000	102.632008037428
40.4400000000000	102.618611207596
40.4800000000000	102.605234223688
40.5200000000000	102.591877055354
40.5600000000000	102.578539672297
40.6000000000000	102.565222044265
40.6400000000000	102.551924141056
40.6800000000000	102.538645932517
40.7200000000000	102.525387388544
40.7600000000000	102.512148479083
40.8000000000000	102.498929174126
40.8400000000000	102.485729443714
40.8800000000000	102.472549257940
40.9200000000000	102.459388586940
40.9600000000000	102.446247400902
41	102.433125670062
41.0400000000000	102.420023364703
41.0800000000000	102.406940455157
41.1200000000000	102.393876911802
41.1600000000000	102.380832705066
41.2000000000000	102.367807805425
41.2400000000000	102.354802183401
41.2800000000000	102.341815809564
41.3200000000000	102.328848654533
41.3600000000000	102.315900688973
41.4000000000000	102.302971883597
41.4400000000000	102.290062209166
41.4800000000000	102.277171636485
41.5200000000000	102.264300136411
41.5600000000000	102.251447679845
41.6000000000000	102.238614237734
41.6400000000000	102.225799781074
41.6800000000000	102.213004280908
41.7200000000000	102.200227708325
41.7600000000000	102.187470034459
41.8000000000000	102.174731230493
41.8400000000000	102.162011267656
41.8800000000000	102.149310117222
41.9200000000000	102.136627750512
41.9600000000000	102.123964138894
42	102.111319253781
42.0400000000000	102.098693066633
42.0800000000000	102.086085548955
42.1200000000000	102.073496672300
42.1600000000000	102.060926408263
42.2000000000000	102.048374728488
42.2400000000000	102.035841604664
42.2800000000000	102.023327008525
42.3200000000000	102.010830911851
42.3600000000000	101.998353286465
42.4000000000000	101.985894104240
42.4400000000000	101.973453337090
42.4800000000000	101.961030956977
42.5200000000000	101.948626935906
42.5600000000000	101.936241245928
42.6000000000000	101.923873859139
42.6400000000000	101.911524747679
42.6800000000000	101.899193883735
42.7200000000000	101.886881239536
42.7600000000000	101.874586787356
42.8000000000000	101.862310499516
42.8400000000000	101.850052348379
42.8800000000000	101.837812306353
42.9200000000000	101.825590345891
42.9600000000000	101.813386439488
43	101.801200559686
43.0400000000000	101.789032679070
43.0800000000000	101.776882770269
43.1200000000000	101.764750805954
43.1600000000000	101.752636758844
43.2000000000000	101.740540601697
43.2400000000000	101.728462307319
43.2800000000000	101.716401848556
43.3200000000000	101.704359198301
43.3600000000000	101.692334329486
43.4000000000000	101.680327215091
43.4400000000000	101.668337828137
43.4800000000000	101.656366141688
43.5200000000000	101.644412128852
43.5600000000000	101.632475762779
43.6000000000000	101.620557016663
43.6400000000000	101.608655863741
43.6800000000000	101.596772277293
43.7200000000000	101.584906230640
43.7600000000000	101.573057697147
43.8000000000000	101.561226650222
43.8400000000000	101.549413063315
43.8800000000000	101.537616909919
43.9200000000000	101.525838163569
43.9600000000000	101.514076797841
44	101.502332786356
44.0400000000000	101.490606102775
44.0800000000000	101.478896720802
44.1200000000000	101.467204614183
44.1600000000000	101.455529756705
44.2000000000000	101.443872122199
44.2400000000000	101.432231684536
44.2800000000000	101.420608417629
44.3200000000000	101.409002295432
44.3600000000000	101.397413291944
44.4000000000000	101.385841381200
44.4400000000000	101.374286537282
44.4800000000000	101.362748734309
44.5200000000000	101.351227946445
44.5600000000000	101.339724147891
44.6000000000000	101.328237312894
44.6400000000000	101.316767415738
44.6800000000000	101.305314430749
44.7200000000000	101.293878332297
44.7600000000000	101.282459094789
44.8000000000000	101.271056692674
44.8400000000000	101.259671100442
44.8800000000000	101.248302292624
44.9200000000000	101.236950243792
44.9600000000000	101.225614928556
45	101.214296321570
45.0400000000000	101.202994397525
45.0800000000000	101.191709131155
45.1200000000000	101.180440497233
45.1600000000000	101.169188470571
45.2000000000000	101.157953026025
45.2400000000000	101.146734138486
45.2800000000000	101.135531782888
45.3200000000000	101.124345934205
45.3600000000000	101.113176567450
45.4000000000000	101.102023657675
45.4400000000000	101.090887179973
45.4800000000000	101.079767109477
45.5200000000000	101.068663421357
45.5600000000000	101.057576090825
45.6000000000000	101.046505093133
45.6400000000000	101.035450403568
45.6800000000000	101.024411997462
45.7200000000000	101.013389850182
45.7600000000000	101.002383937136
45.8000000000000	100.991394233770
45.8400000000000	100.980420715570
45.8800000000000	100.969463358061
45.9200000000000	100.958522136806
45.9600000000000	100.947597027408
46	100.936688005507
46.0400000000000	100.925795046782
46.0800000000000	100.914918126953
46.1200000000000	100.904057221776
46.1600000000000	100.893212307046
46.2000000000000	100.882383358597
46.2400000000000	100.871570352301
46.2800000000000	100.860773264068
46.3200000000000	100.849992069846
46.3600000000000	100.839226745623
46.4000000000000	100.828477267422
46.4400000000000	100.817743611307
46.4800000000000	100.807025753378
46.5200000000000	100.796323669774
46.5600000000000	100.785637336670
46.6000000000000	100.774966730282
46.6400000000000	100.764311826860
46.6800000000000	100.753672602694
46.7200000000000	100.743049034112
46.7600000000000	100.732441097476
46.8000000000000	100.721848769190
46.8400000000000	100.711272025692
46.8800000000000	100.700710843459
46.9200000000000	100.690165199004
46.9600000000000	100.679635068878
47	100.669120429670
47.0400000000000	100.658621258004
47.0800000000000	100.648137530543
47.1200000000000	100.632630358745
47.1600000000000	100.609976306039
47.2000000000000	100.583383735200
47.2400000000000	100.555188044615
47.2800000000000	100.526615375559
47.3200000000000	100.498421848000
47.3600000000000	100.471121493523
47.4000000000000	100.445083832378
47.4400000000000	100.420581193044
47.4800000000000	100.397814548796
47.5200000000000	100.376929770977
47.5600000000000	100.358029523268
47.6000000000000	100.341182997939
47.6400000000000	100.326434253046
47.6800000000000	100.313789611759
47.7200000000000	100.303181566342
47.7600000000000	100.294541683819
47.8000000000000	100.287828827180
47.8400000000000	100.283021207707
47.8800000000000	100.280108574011
47.9200000000000	100.279087242977
47.9600000000000	100.279957093533
48	100.282719826906
48.0400000000000	100.287378001050
48.0800000000000	100.293934516622
48.1200000000000	100.302392355192
48.1600000000000	100.312754452685
48.2000000000000	100.325023642492
48.2400000000000	100.339201268811
48.2800000000000	100.355276471775
48.3200000000000	100.373239385658
48.3600000000000	100.393099914819
48.4000000000000	100.414905458494
48.4400000000000	100.438695482739
48.4800000000000	100.464486564309
48.5200000000000	100.492285036125
48.5600000000000	100.522094249225
48.6000000000000	100.553916673091
48.6400000000000	100.587754469203
48.6800000000000	100.623609641331
48.7200000000000	100.661484076445
48.7600000000000	100.701379559264
48.8000000000000	100.743297780765
48.8400000000000	100.787240345187
48.8800000000000	100.833208776471
48.9200000000000	100.877555393013
48.9600000000000	100.922921175826
49	100.970371720635
49.0400000000000	101.019718072692
49.0800000000000	101.070588674130
49.1200000000000	101.122646258312
49.1600000000000	101.175853403376
49.2000000000000	101.230218816592
49.2400000000000	101.285747184601
49.2800000000000	101.342443640897
49.3200000000000	101.400313307467
49.3600000000000	101.459361350148
49.4000000000000	101.519592973100
49.4400000000000	101.581013421362
49.4800000000000	101.643627982201
49.5200000000000	101.707441986635
49.5600000000000	101.772386935925
49.6000000000000	101.838400354137
49.6400000000000	101.905577349798
49.6800000000000	101.973958942413
49.7200000000000	102.043500180778
49.7600000000000	102.114036500753
49.8000000000000	102.185439181421
49.8400000000000	102.257665370696
49.8800000000000	102.330704733219
49.9200000000000	102.404551372295
49.9600000000000	102.479199973431
50	102.554645300372
50.0400000000000	102.630882132028
50.0800000000000	102.707905254534
50.1200000000000	102.785709459870
50.1600000000000	102.864289545251
50.2000000000000	102.943640312624
50.2400000000000	103.023756568210
50.2800000000000	103.104633122065
50.3200000000000	103.186264787676
50.3600000000000	103.268646381589
50.4000000000000	103.351787940649
50.4400000000000	103.435730313442
50.4800000000000	103.520507484168
50.5200000000000	103.606131587992
50.5600000000000	103.692606945298
50.6000000000000	103.779937675218
50.6400000000000	103.868127926023
50.6800000000000	103.957181881421
50.7200000000000	104.047103761068
50.7600000000000	104.137897820959
50.8000000000000	104.229568353812
50.8400000000000	104.322119689459
50.8800000000000	104.415556195239
50.9200000000000	104.509882276391
50.9600000000000	104.605102376450
51	104.701220977648
51.0400000000000	104.798242601310
51.0800000000000	104.896069797803
51.1200000000000	104.994413545458
51.1600000000000	105.093053307001
51.2000000000000	105.191938665289
51.2400000000000	105.291073387001
51.2800000000000	105.390458488713
51.3200000000000	105.490095133776
51.3600000000000	105.589984482522
51.4000000000000	105.690127700128
51.4400000000000	105.790525956222
51.4800000000000	105.891180424927
51.5200000000000	105.992092284886
51.5600000000000	106.093262719283
51.6000000000000	106.194692410079
51.6400000000000	106.296344847047
51.6800000000000	106.398207274059
51.7200000000000	106.500268276657
51.7600000000000	106.602513185742
51.8000000000000	106.704889659002
51.8400000000000	106.807358437287
51.8800000000000	106.909910191702
51.9200000000000	107.012545718656
51.9600000000000	107.115264693516
52	107.218066915609
52.0400000000000	107.320952170695
52.0800000000000	107.423920246126
52.1200000000000	107.526970929175
52.1600000000000	107.630104007222
52.2000000000000	107.733319267734
52.2400000000000	107.836616498269
52.2800000000000	107.939995486474
52.3200000000000	108.043456020086
52.3600000000000	108.146997886933
52.4000000000000	108.250620874935
52.4400000000000	108.354324772102
52.4800000000000	108.458109366537
52.5200000000000	108.561974446436
52.5600000000000	108.665919800087
52.6000000000000	108.769945215872
52.6400000000000	108.874050482265
52.6800000000000	108.978235387837
52.7200000000000	109.082499721251
52.7600000000000	109.186843271268
52.8000000000000	109.291265826740
52.8400000000000	109.395767176620
52.8800000000000	109.500347109953
52.9200000000000	109.605005415884
52.9600000000000	109.709741883654
53	109.814556302601
53.0400000000000	109.919448462161
53.0800000000000	110.024418151869
53.1200000000000	110.129465161361
53.1600000000000	110.234589280368
53.2000000000000	110.339790298725
53.2400000000000	110.445068006364
53.2800000000000	110.550422193321
53.3200000000000	110.655852649729
53.3600000000000	110.761359165827
53.4000000000000	110.866941531951
53.4400000000000	110.972599538545
53.4800000000000	111.078332976152
53.5200000000000	111.180124415062
53.5600000000000	111.281183573191
53.6000000000000	111.378674470893
53.6400000000000	111.475453743757
53.6800000000000	111.571176044300
53.7200000000000	111.665670389566
53.7600000000000	111.758918284538
53.8000000000000	111.850923057522
53.8400000000000	111.941585934134
53.8800000000000	112.029970920517
53.9200000000000	112.115502471135
53.9600000000000	112.197561129528
54	112.276208621653
54.0400000000000	112.351858897427
54.0800000000000	112.424570807227
54.1200000000000	112.494538189781
54.1600000000000	112.561872701849
54.2000000000000	112.626567938199
54.2400000000000	112.688648660596
54.2800000000000	112.747566366279
54.3200000000000	112.802757824166
54.3600000000000	112.853601263637
54.4000000000000	112.900176275055
54.4400000000000	112.942475951940
54.4800000000000	112.980142108791
54.5200000000000	113.012203365947
54.5600000000000	113.037991122214
54.6000000000000	113.057376461481
54.6400000000000	113.070415995966
54.6800000000000	113.077239634249
54.7200000000000	113.078228792002
54.7600000000000	113.073690492140
54.8000000000000	113.063834387837
54.8400000000000	113.048819725572
54.8800000000000	113.028800713974
54.9200000000000	113.003877812303
54.9600000000000	112.974105181040
55	112.939595186118
55.0400000000000	112.900511590372
55.0800000000000	112.857067175140
55.1200000000000	112.809706207714
55.1600000000000	112.759175992566
55.2000000000000	112.706020997284
55.2400000000000	112.650595083178
55.2800000000000	112.593154762968
55.3200000000000	112.533905950153
55.3600000000000	112.473026558065
55.4000000000000	112.410680183344
55.4400000000000	112.347032460229
55.4800000000000	112.282252209827
55.5200000000000	112.216509505376
55.5600000000000	112.150028739351
55.6000000000000	112.083024850599
55.6400000000000	112.015651487495
55.6800000000000	111.948018980983
55.7200000000000	111.880208084948
55.7600000000000	111.812278783652
55.8000000000000	111.744276143580
55.8400000000000	111.676234352888
55.8800000000000	111.608179671655
55.9200000000000	111.540132204154
55.9600000000000	111.472107293122
56	111.404116669711
56.0400000000000	111.336169290511
56.0800000000000	111.268271958021
56.1200000000000	111.200429888434
56.1600000000000	111.132647076259
56.2000000000000	111.064926560149
56.2400000000000	110.997270630842
56.2800000000000	110.929680994493
56.3200000000000	110.862158901415
56.3600000000000	110.794706220685
56.4000000000000	110.727324097317
56.4400000000000	110.660012419119
56.4800000000000	110.592771069701
56.5200000000000	110.525599932933
56.5600000000000	110.458498892934
56.6000000000000	110.391467834082
56.6400000000000	110.324506641007
56.6800000000000	110.257615198590
56.7200000000000	110.190793391967
56.7600000000000	110.124041106523
56.8000000000000	110.057358227896
56.8400000000000	109.990744641972
56.8800000000000	109.924200234889
56.9200000000000	109.857724893029
56.9600000000000	109.791318503028
57	109.724980951765
57.0400000000000	109.658712126367
57.0800000000000	109.592511914206
57.1200000000000	109.526380202903
57.1600000000000	109.460316880318
57.2000000000000	109.394321834561
57.2400000000000	109.328394953979
57.2800000000000	109.262536127168
57.3200000000000	109.196745242961
57.3600000000000	109.131022190434
57.4000000000000	109.065366858906
57.4400000000000	108.999779137933
57.4800000000000	108.934258917311
57.5200000000000	108.868806087076
57.5600000000000	108.803420537500
57.6000000000000	108.738102159096
57.6400000000000	108.672850842609
57.6800000000000	108.607666479024
57.7200000000000	108.542548959559
57.7600000000000	108.477498175670
57.8000000000000	108.412514019045
57.8400000000000	108.347596381605
57.8800000000000	108.282745155505
57.9200000000000	108.217960233133
57.9600000000000	108.153241507108
58	108.088588870280
58.0400000000000	108.024002215729
58.0800000000000	107.959481436768
58.1200000000000	107.895026426934
58.1600000000000	107.830637079997
58.2000000000000	107.766313289954
58.2400000000000	107.702054951028
58.2800000000000	107.637861957669
58.3200000000000	107.573734204556
58.3600000000000	107.509671586590
58.4000000000000	107.445673998899
58.4400000000000	107.381741336835
58.4800000000000	107.317873495974
58.5200000000000	107.254070372114
58.5600000000000	107.190331861277
58.6000000000000	107.126657859707
58.6400000000000	107.063048263868
58.6800000000000	106.999502970446
58.7200000000000	106.936021876347
58.7600000000000	106.872604878697
58.8000000000000	106.809251874840
58.8400000000000	106.745962762339
58.8800000000000	106.682737438976
58.9200000000000	106.619575802748
58.9600000000000	106.556477751871
59	106.493443184775
59.0400000000000	106.430472000109
59.0800000000000	106.367564096732
59.1200000000000	106.304719373723
59.1600000000000	106.241937730370
59.2000000000000	106.179219066177
59.2400000000000	106.116563280861
59.2800000000000	106.053970274349
59.3200000000000	105.991439946782
59.3600000000000	105.928972198510
59.4000000000000	105.866566930095
59.4400000000000	105.804224042309
59.4800000000000	105.741943436132
59.5200000000000	105.679725012755
59.5600000000000	105.617568673574
59.6000000000000	105.555474320196
59.6400000000000	105.493441854434
59.6800000000000	105.431471178306
59.7200000000000	105.369562194040
59.7600000000000	105.307714804065
59.8000000000000	105.245928911019
59.8400000000000	105.184204417742
59.8800000000000	105.122541227278
59.9200000000000	105.060939242875
59.9600000000000	104.999398367986
60	104.937918506262
60.0400000000000	104.876499561559
60.0800000000000	104.815141437933
60.1200000000000	104.753844039641
60.1600000000000	104.692607271142
60.2000000000000	104.631431037091
60.2400000000000	104.570315242345
60.2800000000000	104.509259791960
60.3200000000000	104.448264591187
60.3600000000000	104.387329545478
60.4000000000000	104.326454560481
60.4400000000000	104.265639542040
60.4800000000000	104.204884396195
60.5200000000000	104.144189029184
60.5600000000000	104.083553347436
60.6000000000000	104.022977257577
60.6400000000000	103.962460666428
60.6800000000000	103.902003481002
60.7200000000000	103.841605608505
60.7600000000000	103.781266956336
60.8000000000000	103.720987432086
60.8400000000000	103.660766943537
60.8800000000000	103.600605398664
60.9200000000000	103.540502705630
60.9600000000000	103.480458772790
61	103.420473508687
61.0400000000000	103.360546822054
61.0800000000000	103.300678621814
61.1200000000000	103.240868817074
61.1600000000000	103.181117317134
61.2000000000000	103.121424031476
61.2400000000000	103.061788869772
61.2800000000000	103.002211741880
61.3200000000000	102.942692557841
61.3600000000000	102.883231227885
61.4000000000000	102.823827662424
61.4400000000000	102.764481772055
61.4800000000000	102.705193467559
61.5200000000000	102.645962659901
61.5600000000000	102.586789260227
61.6000000000000	102.527673179866
61.6400000000000	102.468614330331
61.6800000000000	102.409612623314
61.7200000000000	102.350667970689
61.7600000000000	102.291780284509
61.8000000000000	102.232949477011
61.8400000000000	102.174175460606
61.8800000000000	102.115458147889
61.9200000000000	102.056797451632
61.9600000000000	101.998193284783
62	101.939645560472
62.0400000000000	101.881176519469
62.0800000000000	101.822982936976
62.1200000000000	101.766094870781
62.1600000000000	101.715753352847
62.2000000000000	101.701244363740
62.2400000000000	101.767773031090
62.2800000000000	101.890374894179
62.3200000000000	102.015330556310
62.3600000000000	102.140371829821
62.4000000000000	102.265296295372
62.4400000000000	102.390087987191
62.4800000000000	102.514745645196
62.5200000000000	102.639269171773
62.5600000000000	102.763658562902
62.6000000000000	102.887913822584
62.6400000000000	103.012034955887
62.6800000000000	103.136021968369
62.7200000000000	103.259874866031
62.7600000000000	103.383593655313
62.8000000000000	103.507178343088
62.8400000000000	103.630628936669
62.8800000000000	103.753945443799
62.9200000000000	103.877127872656
62.9600000000000	104.000176231852
63	104.123090530429
63.0400000000000	104.245863630473
63.0800000000000	104.368491375344
63.1200000000000	104.491004884150
63.1600000000000	104.613402811308
63.2000000000000	104.735685211971
63.2400000000000	104.857839638704
63.2800000000000	104.979842653638
63.3200000000000	105.101671513801
63.3600000000000	105.223324818801
63.4000000000000	105.344802877011
63.4400000000000	105.466105810063
63.4800000000000	105.587233759888
63.5200000000000	105.708186866576
63.5600000000000	105.828965270689
63.6000000000000	105.949569113027
63.6400000000000	106.069998534646
63.6800000000000	106.190253676859
63.7200000000000	106.310334681229
63.7600000000000	106.430241689573
63.8000000000000	106.549974843959
63.8400000000000	106.669534286701
63.8800000000000	106.788920160365
63.9200000000000	106.908132607760
63.9600000000000	107.027171771943
64	107.146037796212
64.0400000000000	107.264730824110
64.0800000000000	107.383250999420
64.1200000000000	107.501598466165
64.1600000000000	107.619773368607
64.2000000000000	107.737775851244
64.2400000000000	107.855606058811
64.2800000000000	107.973264136277
64.3200000000000	108.090750228845
64.3600000000000	108.208064481949
64.4000000000000	108.325207041253
64.4400000000000	108.442178052653
64.4800000000000	108.558977662269
64.5200000000000	108.675606016452
64.5600000000000	108.792063261774
64.6000000000000	108.908349545034
64.6400000000000	109.024465013253
64.6800000000000	109.140392504985
64.7200000000000	109.256130301445
64.7600000000000	109.371698522224
64.8000000000000	109.487093373049
64.8400000000000	109.602315779394
64.8800000000000	109.717365748333
64.9200000000000	109.832243463535
64.9600000000000	109.946949075476
65	110.061482741080
65.0400000000000	110.175844616328
65.0800000000000	110.290034857618
65.1200000000000	110.404053621517
65.1600000000000	110.517901064799
65.2000000000000	110.631577344441
65.2400000000000	110.745082617623
65.2800000000000	110.858417041720
65.3200000000000	110.971580774311
65.3600000000000	111.084573973166
65.4000000000000	111.197396796256
65.4400000000000	111.310049401742
65.4800000000000	111.422531947979
65.5200000000000	111.534844593515
65.5600000000000	111.646987497087
65.6000000000000	111.758960817619
65.6400000000000	111.870764714225
65.6800000000000	111.982399346204
65.7200000000000	112.093864873039
65.7600000000000	112.205161454397
65.8000000000000	112.316289250128
65.8400000000000	112.427248420260
65.8800000000000	112.538039125003
65.9200000000000	112.648661524743
65.9600000000000	112.759115780044
66	112.869402051645
66.0400000000000	112.979520500458
66.0800000000000	113.089471287568
66.1200000000000	113.199254574232
66.1600000000000	113.308870521878
66.2000000000000	113.418319292099
66.2400000000000	113.527601046659
66.2800000000000	113.636715947487
66.3200000000000	113.745664156675
66.3600000000000	113.854445836482
66.4000000000000	113.963061149324
66.4400000000000	114.071510257783
66.4800000000000	114.179793324598
66.5200000000000	114.287910512666
66.5600000000000	114.395861985041
66.6000000000000	114.503647904933
66.6400000000000	114.611268435707
66.6800000000000	114.718723740880
66.7200000000000	114.826013984120
66.7600000000000	114.933139329248
66.8000000000000	115.040099940231
66.8400000000000	115.146895981187
66.8800000000000	115.253527616378
66.9200000000000	115.359995010214
66.9600000000000	115.466298327245
67	115.572437732169
67.0400000000000	115.678413389821
67.0800000000000	115.784225465178
67.1200000000000	115.889874123357
67.1600000000000	115.995359529612
67.2000000000000	116.100681849332
67.2400000000000	116.205841248044
67.2800000000000	116.310837891406
67.3200000000000	116.415671945211
67.3600000000000	116.520343575383
67.4000000000000	116.624852947975
67.4400000000000	116.729200229171
67.4800000000000	116.833385585280
67.5200000000000	116.937409182741
67.5600000000000	117.041271188115
67.6000000000000	117.144971768090
67.6400000000000	117.248511089474
67.6800000000000	117.351889319199
67.7200000000000	117.455106624315
67.7600000000000	117.558163171993
67.8000000000000	117.661059129523
67.8400000000000	117.763794664307
67.8800000000000	117.866369943869
67.9200000000000	117.968785135842
67.9600000000000	118.071040407974
68	118.173135928125
68.0400000000000	118.270562382798
68.0800000000000	118.356781124068
68.1200000000000	118.446443835277
68.1600000000000	118.534252122472
68.2000000000000	118.622748425448
68.2400000000000	118.710704385950
68.2800000000000	118.798706065559
68.3200000000000	118.886475300944
68.3600000000000	118.974143355882
68.4000000000000	119.061649050425
68.4400000000000	119.149021056463
68.4800000000000	119.236246398530
68.5200000000000	119.323331270564
68.5600000000000	119.410273106036
68.6000000000000	119.497073313756
68.6400000000000	119.583731511408
68.6800000000000	119.670248117990
68.7200000000000	119.756623196568
68.7600000000000	119.842856967201
68.8000000000000	119.928949581208
68.8400000000000	120.014901219804
68.8800000000000	120.100712051301
68.9200000000000	120.186382249550
68.9600000000000	120.271911986046
69	120.357301433282
69.0400000000000	120.442550763333
69.0800000000000	120.527660148449
69.1200000000000	120.612629760805
69.1600000000000	120.697459772603
69.2000000000000	120.782150356032
69.2400000000000	120.866701683278
69.2800000000000	120.951113926522
69.3200000000000	121.035387257942
69.3600000000000	121.119520765728
69.4000000000000	121.203513851683
69.4400000000000	121.287365343298
69.4800000000000	121.371075952029
69.5200000000000	121.454645655307
69.5600000000000	121.538074714411
69.6000000000000	121.621363281591
69.6400000000000	121.704511550604
69.6800000000000	121.787519699452
69.7200000000000	121.870387912007
69.7600000000000	121.953116369898
69.8000000000000	122.035705255533
69.8400000000000	122.118154750980
69.8800000000000	122.200465038376
69.9200000000000	122.282636299778
69.9600000000000	122.364668717216
70	122.446562472669
70.0400000000000	122.528317748078
70.0800000000000	122.609934725337
70.1200000000000	122.691413586296
70.1600000000000	122.772754512759
70.2000000000000	122.853957686481
70.2400000000000	122.935023289173
70.2800000000000	123.015951502494
70.3200000000000	123.096742508058
70.3600000000000	123.177396487425
70.4000000000000	123.257913622107
70.4400000000000	123.338294093562
70.4800000000000	123.418538083200
70.5200000000000	123.498645772372
70.5600000000000	123.578617342380
70.6000000000000	123.658452974470
70.6400000000000	123.738152849831
70.6800000000000	123.817717149597
70.7200000000000	123.897146054847
70.7600000000000	123.976439746598
70.8000000000000	124.055598405812
70.8400000000000	124.134622213392
70.8800000000000	124.213511350178
70.9200000000000	124.292265996952
70.9600000000000	124.370886334434
71	124.449372543281
71.0400000000000	124.527724804088
71.0800000000000	124.605943297386
71.1200000000000	124.684028203642
71.1600000000000	124.761979703256
71.2000000000000	124.839797976566
71.2400000000000	124.917483203839
71.2800000000000	124.995035565278
71.3200000000000	125.072455241017
71.3600000000000	125.149742411121
71.4000000000000	125.226897255586
71.4400000000000	125.303919954337
71.4800000000000	125.380810687229
71.5200000000000	125.457569634047
71.5600000000000	125.534196974500
71.6000000000000	125.610692888227
71.6400000000000	125.687057554794
71.6800000000000	125.763291153690
71.7200000000000	125.839393864331
71.7600000000000	125.915365866056
71.8000000000000	125.991207338130
71.8400000000000	126.066918459739
71.8800000000000	126.142499409991
71.9200000000000	126.217950367918
71.9600000000000	126.293271512470
72	126.368463022520
72.0400000000000	126.443525076860
72.0800000000000	126.518457854199
72.1200000000000	126.593261533167
72.1600000000000	126.667936292311
72.2000000000000	126.742482310093
72.2400000000000	126.816899764896
72.2800000000000	126.891188835014
72.3200000000000	126.965349698659
72.3600000000000	127.039382533956
72.4000000000000	127.113287518945
72.4400000000000	127.187064831579
72.4800000000000	127.260714649723
72.5200000000000	127.334237151155
72.5600000000000	127.407632513563
72.6000000000000	127.480900914548
72.6400000000000	127.554042531618
72.6800000000000	127.627057542194
72.7200000000000	127.699946123603
72.7600000000000	127.772708453082
72.8000000000000	127.845344707776
72.8400000000000	127.917855064736
72.8800000000000	127.990239700919
72.9200000000000	128.062498793190
72.9600000000000	128.134632518319
73	128.206641052978
73.0400000000000	128.278524573746
73.0800000000000	128.350283257105
73.1200000000000	128.421917279440
73.1600000000000	128.493426817038
73.2000000000000	128.564812046088
73.2400000000000	128.636073142681
73.2800000000000	128.707210282806
73.3200000000000	128.778223642357
73.3600000000000	128.849113397123
73.4000000000000	128.919879722795
73.4400000000000	128.990522794960
73.4800000000000	129.061042789106
73.5200000000000	129.131439880615
73.5600000000000	129.201714244768
73.6000000000000	129.271866056743
73.6400000000000	129.341895491611
73.6800000000000	129.411802724340
73.7200000000000	129.481587929792
73.7600000000000	129.551251282725
73.8000000000000	129.620792957787
73.8400000000000	129.690213129523
73.8800000000000	129.759511972367
73.9200000000000	129.828689660648
73.9600000000000	129.897746368585
74	129.966682270288
74.0400000000000	130.035497539757
74.0800000000000	130.104192350883
74.1200000000000	130.172766877446
74.1600000000000	130.241221293116
74.2000000000000	130.309555771449
74.2400000000000	130.377770485890
74.2800000000000	130.445865609773
74.3200000000000	130.513841316317
74.3600000000000	130.581697778628
74.4000000000000	130.649435169699
74.4400000000000	130.717053662407
74.4800000000000	130.784553429514
74.5200000000000	130.851934643667
74.5600000000000	130.919197477398
74.6000000000000	130.986342103120
74.6400000000000	131.053368693132
74.6800000000000	131.120277419614
74.7200000000000	131.187068454628
74.7600000000000	131.253741970118
74.8000000000000	131.320298137909
74.8400000000000	131.386737129707
74.8800000000000	131.453059117099
74.9200000000000	131.519264271549
74.9600000000000	131.585352764405
75	131.651324766888
75.0400000000000	131.717180450104
75.0800000000000	131.782919985031
75.1200000000000	131.848543542529
75.1600000000000	131.914051293333
75.2000000000000	131.979443408055
75.2400000000000	132.044720057183
75.2800000000000	132.109881411082
75.3200000000000	132.174927639990
75.3600000000000	132.239858914023
75.4000000000000	132.304675403169
75.4400000000000	132.369377277293
75.4800000000000	132.433964706129
75.5200000000000	132.498437859290
75.5600000000000	132.562796906257
75.6000000000000	132.627042016386
75.6400000000000	132.691173358904
75.6800000000000	132.755191102911
75.7200000000000	132.819095417377
75.7600000000000	132.882886471143
75.8000000000000	132.946564432920
75.8400000000000	133.010129471290
75.8800000000000	133.073581754704
75.9200000000000	133.136921451483
75.9600000000000	133.200148729816
76	133.263263757759
76.0400000000000	133.326266703240
76.0800000000000	133.389157734052
76.1200000000000	133.451937017854
76.1600000000000	133.514604722175
76.2000000000000	133.577161014409
76.2400000000000	133.639606061816
76.2800000000000	133.701940031522
76.3200000000000	133.764163090518
76.3600000000000	133.826275405662
76.4000000000000	133.888277143674
76.4400000000000	133.950168471140
76.4800000000000	134.011949554509
76.5200000000000	134.073620560095
76.5600000000000	134.135181654074
76.6000000000000	134.196633002485
76.6400000000000	134.257974771230
76.6800000000000	134.319207126073
76.7200000000000	134.380330232640
76.7600000000000	134.441344256417
76.8000000000000	134.502249362755
76.8400000000000	134.563045716862
76.8800000000000	134.623733483807
76.9200000000000	134.684312828521
76.9600000000000	134.744783915794
77	134.805146910275
77.0400000000000	134.865401976473
77.0800000000000	134.925549278754
77.1200000000000	134.985588981344
77.1600000000000	135.045521248328
77.2000000000000	135.105346243647
77.2400000000000	135.098843215196
77.2800000000000	135.039240110817
77.3200000000000	134.965237216669
77.3600000000000	134.884154267540
77.4000000000000	134.798954093800
77.4400000000000	134.711134291708
77.4800000000000	134.621554283282
77.5200000000000	134.530753470265
77.5600000000000	134.439090302972
77.6000000000000	134.346812988543
77.6400000000000	134.254098808130
77.6800000000000	134.161077442390
77.7200000000000	134.067845536896
77.7600000000000	133.974476182477
77.8000000000000	133.881025300314
77.8400000000000	133.787536066886
77.8800000000000	133.694042055256
77.9200000000000	133.600569511208
77.9600000000000	133.507139031623
78	133.413766852166
78.0400000000000	133.320465868526
78.0800000000000	133.227246210948
78.1200000000000	133.134115791331
78.1600000000000	133.041080777782
78.2000000000000	132.948145947253
78.2400000000000	132.855314968429
78.2800000000000	132.762590679667
78.3200000000000	132.669975259300
78.3600000000000	132.577470357213
78.4000000000000	132.485077200877
78.4400000000000	132.392796680994
78.4800000000000	132.300629420764
78.5200000000000	132.208576674164
78.5600000000000	132.116638818145
78.6000000000000	132.024815629581
78.6400000000000	131.933106885922
78.6800000000000	131.841512365193
78.7200000000000	131.750031845992
78.7600000000000	131.658665107489
78.8000000000000	131.567411929420
78.8400000000000	131.476272092094
78.8800000000000	131.385245376379
78.9200000000000	131.294331563713
78.9600000000000	131.203530436091
79	131.112841776071
79.0400000000000	131.022265366769
79.0800000000000	130.931800991856
79.1200000000000	130.841448435560
79.1600000000000	130.751207482660
79.2000000000000	130.661077918488
79.2400000000000	130.571059528924
79.2800000000000	130.481152100397
79.3200000000000	130.391355419880
79.3600000000000	130.301669274893
79.4000000000000	130.212093453495
79.4400000000000	130.122627744289
79.4800000000000	130.033271936416
79.5200000000000	129.944025819553
79.5600000000000	129.854889183914
79.6000000000000	129.765861820247
79.6400000000000	129.676943519831
79.6800000000000	129.588134074476
79.7200000000000	129.499433276521
79.7600000000000	129.410840918833
79.8000000000000	129.322356794803
79.8400000000000	129.233980698346
79.8800000000000	129.145712423900
79.9200000000000	129.057551766423
79.9600000000000	128.969498521392
80	128.881552484800
80.0400000000000	128.793713453157
80.0800000000000	128.705981223487
80.1200000000000	128.618355593326
80.1600000000000	128.530836360719
80.2000000000000	128.443423324224
80.2400000000000	128.356116282902
80.2800000000000	128.268915036323
80.3200000000000	128.181819384560
80.3600000000000	128.094829128188
80.4000000000000	128.007944068287
80.4400000000000	127.921164006430
80.4800000000000	127.834488744695
80.5200000000000	127.747918085650
80.5600000000000	127.661451832364
80.6000000000000	127.575089788394
80.6400000000000	127.488831757791
80.6800000000000	127.402677545098
80.7200000000000	127.316626955344
80.7600000000000	127.230679794045
80.8000000000000	127.144835867206
80.8400000000000	127.059094981313
80.8800000000000	126.973456943335
80.9200000000000	126.887921560724
80.9600000000000	126.802488641409
81	126.717157993799
81.0400000000000	126.631929426780
81.0800000000000	126.546802749711
81.1200000000000	126.461777772426
81.1600000000000	126.376854305232
81.2000000000000	126.292032158905
81.2400000000000	126.207311144693
81.2800000000000	126.122691074308
81.3200000000000	126.038171759932
81.3600000000000	125.953753014210
81.4000000000000	125.869434650250
81.4400000000000	125.785216481624
81.4800000000000	125.701098322364
81.5200000000000	125.617079986960
81.5600000000000	125.533161290361
81.6000000000000	125.449342047972
81.6400000000000	125.365622075653
81.6800000000000	125.282001189718
81.7200000000000	125.198479206933
81.7600000000000	125.115055944514
81.8000000000000	125.031731220127
81.8400000000000	124.948504851887
81.8800000000000	124.865376658354
81.9200000000000	124.782346458534
81.9600000000000	124.699414071878
82	124.616579318277
82.0400000000000	124.533842018066
82.0800000000000	124.451201992018
82.1200000000000	124.368659061345
82.1600000000000	124.286213047697
82.2000000000000	124.203863773158
82.2400000000000	124.121611060249
82.2800000000000	124.039454731921
82.3200000000000	123.957394611560
82.3600000000000	123.875430522981
82.4000000000000	123.793562290428
82.4400000000000	123.711789738574
82.4800000000000	123.630112692516
82.5200000000000	123.548530977781
82.5600000000000	123.467044420315
82.6000000000000	123.385652846491
82.6400000000000	123.304356083100
82.6800000000000	123.223153957354
82.7200000000000	123.142046296887
82.7600000000000	123.061032929746
82.8000000000000	122.980113684398
82.8400000000000	122.899288389723
82.8800000000000	122.818556875016
82.9200000000000	122.737918969983
82.9600000000000	122.657374504743
83	122.576923309826
83.0400000000000	122.496565216167
83.0800000000000	122.416300055113
83.1200000000000	122.336127658416
83.1600000000000	122.256047858231
83.2000000000000	122.176060487119
83.2400000000000	122.096165378044
83.2800000000000	122.016362364372
83.3200000000000	121.936651279866
83.3600000000000	121.857031958693
83.4000000000000	121.777504235414
83.4400000000000	121.698067944989
83.4800000000000	121.618722922771
83.5200000000000	121.539469004512
83.5600000000000	121.460306026352
83.6000000000000	121.381233824826
83.6400000000000	121.302252236859
83.6800000000000	121.223361099767
83.7200000000000	121.144560251252
83.7600000000000	121.065849529406
83.8000000000000	120.987228772704
83.8400000000000	120.908697820010
83.8800000000000	120.830256510569
83.9200000000000	120.751904684010
83.9600000000000	120.673642180343
84	120.595468839959
84.0400000000000	120.517384503628
84.0800000000000	120.439389012498
84.1200000000000	120.361482208095
84.1600000000000	120.283663932320
84.2000000000000	120.205934027449
84.2400000000000	120.128292336133
84.2800000000000	120.050738701394
84.3200000000000	119.973272966626
84.3600000000000	119.895894975595
84.4000000000000	119.818604572433
84.4400000000000	119.741401601645
84.4800000000000	119.664285908098
84.5200000000000	119.587257337029
84.5600000000000	119.510315734038
84.6000000000000	119.433460945090
84.6400000000000	119.356692816512
84.6800000000000	119.280011194993
84.7200000000000	119.203415927584
84.7600000000000	119.126906861694
84.8000000000000	119.050483845090
84.8400000000000	118.974146725900
84.8800000000000	118.897895352605
84.9200000000000	118.821729574043
84.9600000000000	118.745649239406
85	118.669654198240
85.0400000000000	118.593744300443
85.0800000000000	118.517919396263
85.1200000000000	118.442179336301
85.1600000000000	118.366523971505
85.2000000000000	118.290953153173
85.2400000000000	118.215466732947
85.2800000000000	118.140064562820
85.3200000000000	118.064746495127
85.3600000000000	117.989512382547
85.4000000000000	117.914362078104
85.4400000000000	117.839295435163
85.4800000000000	117.764312307431
85.5200000000000	117.689412548953
85.5600000000000	117.614596014117
85.6000000000000	117.539862557646
85.6400000000000	117.465212034602
85.6800000000000	117.390644300382
85.7200000000000	117.316159210719
85.7600000000000	117.241756621681
85.8000000000000	117.167436389669
85.8400000000000	117.093198371415
85.8800000000000	117.019042423983
85.9200000000000	116.944968404770
85.9600000000000	116.870976171499
86	116.797065582223
86.0400000000000	116.723236495324
86.0800000000000	116.649488769508
86.1200000000000	116.575822263808
86.1600000000000	116.502236837584
86.2000000000000	116.428732350515
86.2400000000000	116.355308662607
86.2800000000000	116.281965679852
86.3200000000000	116.208703380766
86.3600000000000	116.135521749944
86.4000000000000	116.062420778511
86.4400000000000	115.989400468879
86.4800000000000	115.916460838736
86.5200000000000	115.843601924319
86.5600000000000	115.770823782977
86.6000000000000	115.698126494949
86.6400000000000	115.625510164305
86.6800000000000	115.552974918953
86.7200000000000	115.480520909679
86.7600000000000	115.408148308205
86.8000000000000	115.335857304300
86.8400000000000	115.263648102041
86.8800000000000	115.191520915353
86.9200000000000	115.119475963021
86.9600000000000	115.047513463392
87	114.975633628975
87.0400000000000	114.903836661191
87.0800000000000	114.832122745476
87.1200000000000	114.760492046921
87.1600000000000	114.688944706590
87.2000000000000	114.617480838633
87.2400000000000	114.546100528222
87.2800000000000	114.474803830336
87.3200000000000	114.403590769360
87.3600000000000	114.332461652543
87.4000000000000	114.261417151618
87.4400000000000	114.190458020875
87.4800000000000	114.119585077205
87.5200000000000	114.048799202592
87.5600000000000	113.978101346069
87.6000000000000	113.907492525112
87.6400000000000	113.836973826441
87.6800000000000	113.766546406185
87.7200000000000	113.696211489408
87.7600000000000	113.625970368976
87.8000000000000	113.555824403743
87.8400000000000	113.485775016083
87.8800000000000	113.415823688758
87.9200000000000	113.345971961161
87.9600000000000	113.276221424950
88	113.206573846159
88.0400000000000	113.137031646303
88.0800000000000	113.067597615752
88.1200000000000	112.998274759589
88.1600000000000	112.929066302187
88.2000000000000	112.859975694856
88.2400000000000	112.791006622451
88.2800000000000	112.722163008767
88.3200000000000	112.653449020517
88.3600000000000	112.584869069719
88.4000000000000	112.516427814257
88.4400000000000	112.448130156456
88.4800000000000	112.379981239442
88.5200000000000	112.311986441136
88.5600000000000	112.244151365698
88.6000000000000	112.176481540419
88.6400000000000	112.108982195485
88.6800000000000	112.041658596570
88.7200000000000	111.974516050183
88.7600000000000	111.907559879882
88.8000000000000	111.840795401617
88.8400000000000	111.774227898536
88.8800000000000	111.707862595564
88.9200000000000	111.641704634141
88.9600000000000	111.575759047469
89	111.510030736657
89.0400000000000	111.444524448125
89.0800000000000	111.379244752605
89.1200000000000	111.314196026090
89.1600000000000	111.249382432984
89.2000000000000	111.184807911723
89.2400000000000	111.120476163028
89.2800000000000	111.056391492752
89.3200000000000	110.992560644836
89.3600000000000	110.928990787460
89.4000000000000	110.865688966630
89.4400000000000	110.802662070659
89.4800000000000	110.739916795123
89.5200000000000	110.677459608913
89.5600000000000	110.615296722031
89.6000000000000	110.553434055737
89.6400000000000	110.491877215631
89.6800000000000	110.430631468204
89.7200000000000	110.369701721301
89.7600000000000	110.309092508856
89.8000000000000	110.248807980153
89.8400000000000	110.188851893754
89.8800000000000	110.129227616100
89.9200000000000	110.069938124697
89.9600000000000	110.010986015661
90	109.952373515306
90.0400000000000	109.894102495369
90.0800000000000	109.836174491393
90.1200000000000	109.778590723723
90.1600000000000	109.721352120575
90.2000000000000	109.664459342578
90.2400000000000	109.607912808243
90.2800000000000	109.551712719813
90.3200000000000	109.495859088988
90.3600000000000	109.440351762086
90.4000000000000	109.385190444260
90.4400000000000	109.330374082781
90.4800000000000	109.275898930704
90.5200000000000	109.220449566309
90.5600000000000	109.162313318949
90.6000000000000	109.102275022179
90.6400000000000	109.040936140628
90.6800000000000	108.978679220519
90.7200000000000	108.915761733387
90.7600000000000	108.852362738840
90.8000000000000	108.788610422780
90.8400000000000	108.724598800343
90.8800000000000	108.660398019318
90.9200000000000	108.596061320973
90.9600000000000	108.531629756894
91	108.467135322399
91.0400000000000	108.402603174453
91.0800000000000	108.338053359530
91.1200000000000	108.273502221204
91.1600000000000	108.208962772812
91.2000000000000	108.144445326817
91.2400000000000	108.079958094670
91.2800000000000	108.015507641621
91.3200000000000	107.951099234669
91.3600000000000	107.886737210890
91.4000000000000	107.822425283822
91.4400000000000	107.758166384884
91.4800000000000	107.693962796700
91.5200000000000	107.629816302884
91.5600000000000	107.565728300740
91.6000000000000	107.501699886686
91.6400000000000	107.437731921464
91.6800000000000	107.373825080213
91.7200000000000	107.309979891168
91.7600000000000	107.246196765728
91.8000000000000	107.182476021941
91.8400000000000	107.118817902941
91.8800000000000	107.055222591495
91.9200000000000	106.991690221521
91.9600000000000	106.928220887267
92	106.864814650637
92.0400000000000	106.801471547076
92.0800000000000	106.738191590304
92.1200000000000	106.674974776152
92.1600000000000	106.611821085670
92.2000000000000	106.548730838940
92.2400000000000	106.485704063528
92.2800000000000	106.422740658110
92.3200000000000	106.359840521572
92.3600000000000	106.297003553018
92.4000000000000	106.234229651763
92.4400000000000	106.171518717338
92.4800000000000	106.108870649484
92.5200000000000	106.046299641546
92.5600000000000	105.983830037130
92.6000000000000	105.921509477294
92.6400000000000	105.859383229881
92.6800000000000	105.797507658034
92.7200000000000	105.735951395565
92.7600000000000	105.674796601301
92.8000000000000	105.614133798910
92.8400000000000	105.554053437141
92.8800000000000	105.494639293976
92.9200000000000	105.435964385217
92.9600000000000	105.378085993631
93	105.321045562026
93.0400000000000	105.264880029735
93.0800000000000	105.209612779579
93.1200000000000	105.155247486975
93.1600000000000	105.101768190876
93.2000000000000	105.049141096365
93.2400000000000	104.997317667695
93.2800000000000	104.946238522533
93.3200000000000	104.895837578528
93.3600000000000	104.846045962879
93.4000000000000	104.796795335285
93.4400000000000	104.748020441611
93.4800000000000	104.699660865160
93.5200000000000	104.651662049470
93.5600000000000	104.603975725554
93.6000000000000	104.556559895139
93.6400000000000	104.509378512810
93.6800000000000	104.462400986861
93.7200000000000	104.415601590703
93.7600000000000	104.368958849994
93.8000000000000	104.322454948222
93.8400000000000	104.276075176062
93.8800000000000	104.229807437385
93.9200000000000	104.183641793773
93.9600000000000	104.137570037650
94	104.091585489491
94.0400000000000	104.045682796371
94.0800000000000	103.999857676839
94.1200000000000	103.954106668766
94.1600000000000	103.908426864854
94.2000000000000	103.862815881541
94.2400000000000	103.817271777375
94.2800000000000	103.771792969221
94.3200000000000	103.726378164021
94.3600000000000	103.681026303341
94.4000000000000	103.635736518371
94.4400000000000	103.590508093456
94.4800000000000	103.545340436565
94.5200000000000	103.500233055413
94.5600000000000	103.455185538156
94.6000000000000	103.410197537806
94.6400000000000	103.365268759640
94.6800000000000	103.320398951054
94.7200000000000	103.275587893372
94.7600000000000	103.230835395250
94.8000000000000	103.186141287355
94.8400000000000	103.141505418086
94.8800000000000	103.096927650122
94.9200000000000	103.052407857648
94.9600000000000	103.007945924124
95	102.963541740481
95.0400000000000	102.919195203683
95.0800000000000	102.874906215562
95.1200000000000	102.830674681881
95.1600000000000	102.786500511592
95.2000000000000	102.742383616223
95.2400000000000	102.698323909401
95.2800000000000	102.654321306460
95.3200000000000	102.610375724127
95.3600000000000	102.566487080277
95.4000000000000	102.522655293725
95.4400000000000	102.478880284071
95.4800000000000	102.435161971564
95.5200000000000	102.391500277004
95.5600000000000	102.347895121655
95.6000000000000	102.304346427180
95.6400000000000	102.260854115588
95.6800000000000	102.217418109186
95.7200000000000	102.174038330553
95.7600000000000	102.130714702504
95.8000000000000	102.087447148073
95.8400000000000	102.044235590496
95.8800000000000	102.001079953189
95.9200000000000	101.957980159748
95.9600000000000	101.914936133929
96	101.871947799648
96.0400000000000	101.829015080970
96.0800000000000	101.786137902109
96.1200000000000	101.743316187419
96.1600000000000	101.700549861394
96.2000000000000	101.657838848667
96.2400000000000	101.615183074000
96.2800000000000	101.572582462294
96.3200000000000	101.530036938576
96.3600000000000	101.487546428006
96.4000000000000	101.445110855872
96.4400000000000	101.402730147591
96.4800000000000	101.360404228706
96.5200000000000	101.318133024887
96.5600000000000	101.275916461931
96.6000000000000	101.233754465759
96.6400000000000	101.191646962419
96.6800000000000	101.149593878082
96.7200000000000	101.107595139045
96.7600000000000	101.065650671726
96.8000000000000	101.023760402671
96.8400000000000	100.981924258544
96.8800000000000	100.940142166136
96.9200000000000	100.898414052359
96.9600000000000	100.856739844247
97	100.815119468957
97.0400000000000	100.773552853766
97.0800000000000	100.732039926075
97.1200000000000	100.690580613404
97.1600000000000	100.649174843394
97.2000000000000	100.607822543808
97.2400000000000	100.566523642528
97.2800000000000	100.525278067556
97.3200000000000	100.484085747016
97.3600000000000	100.442946609147
97.4000000000000	100.401860582313
97.4400000000000	100.360827594991
97.4800000000000	100.319847575783
97.5200000000000	100.278920453403
97.5600000000000	100.238046156689
97.6000000000000	100.197224614593
97.6400000000000	100.156455756186
97.6800000000000	100.115739510657
97.7200000000000	100.075075807311
97.7600000000000	100.034464575572
97.8000000000000	99.9939057449772
97.8400000000000	99.9533992451834
97.8800000000000	99.9129450059621
97.9200000000000	99.8725429572010
97.9600000000000	99.8321930289033
98	99.7918951511879
98.0400000000000	99.7516492542886
98.0800000000000	99.7114552685540
98.1200000000000	99.6713131244477
98.1600000000000	99.6312227525474
98.2000000000000	99.5911840835450
98.2400000000000	99.5511970482465
98.2800000000000	99.5112615775714
98.3200000000000	99.4713776025525
98.3600000000000	99.4315450543359
98.4000000000000	99.3917638641808
98.4400000000000	99.3520339634587
98.4800000000000	99.3123552836538
98.5200000000000	99.2727277563626
98.5600000000000	99.2331513132932
98.6000000000000	99.1936258862656
98.6400000000000	99.1541514072114
98.6800000000000	99.1147278081733
98.7200000000000	99.0753550213049
98.7600000000000	99.0360329788708
98.8000000000000	98.9967616132459
98.8400000000000	98.9575408569155
98.8800000000000	98.9183706424749
98.9200000000000	98.8792509026293
98.9600000000000	98.8401815701935
99	98.8011625780913
99.0400000000000	98.7621938593561
99.0800000000000	98.7232753471298
99.1200000000000	98.6844069746633
99.1600000000000	98.6455886753155
99.2000000000000	98.6068203825538
99.2400000000000	98.5681020299535
99.2800000000000	98.5294335511975
99.3200000000000	98.4908148800763
99.3600000000000	98.4522459504877
99.4000000000000	98.4137266964364
99.4400000000000	98.3752570520341
99.4800000000000	98.3368369514989
99.5200000000000	98.2984663291555
99.5600000000000	98.2601451194344
99.6000000000000	98.2218732568723
99.6400000000000	98.1836506761116
99.6800000000000	98.1454773118998
99.7200000000000	98.1073530990902
99.7600000000000	98.0692779726406
99.8000000000000	98.0312518676140
99.8400000000000	97.9932747191777
99.8800000000000	97.9553464626035
99.9200000000000	97.9174670332674
99.9600000000000	97.8796363666491
100	97.8418543983322