0	0
3.15544362088405e-30	1.70073310424217e-29
2.66202079000041e-06	1.37190625466501e-05
1.59721247400025e-05	8.23092237763314e-05
8.25226444900128e-05	0.000425131278957542
0.000415275243240065	0.00213602735261878
0.00207903823699032	0.0106107205418498
0.0103978532057416	0.0510583006652794
0.0400000000000000	0.172134331675319
0.0800000000000000	0.291507727586048
0.120000000000000	0.374770839104278
0.160000000000000	0.440831706716553
0.200000000000000	0.504704855457607
0.240000000000000	0.567998867197653
0.280000000000000	0.630945454286851
0.320000000000000	0.693637938594069
0.360000000000000	0.756076163935995
0.400000000000000	0.818259983858671
0.440000000000000	0.880189261651267
0.480000000000000	0.941863870358550
0.520000000000000	1.00328369279204
0.560000000000000	1.06444862153984
0.600000000000000	1.12535106437616
0.640000000000000	1.18583066393225
0.680000000000000	1.24583259439444
0.720000000000000	1.30536029036725
0.760000000000000	1.36441716710954
0.800000000000000	1.42300662055762
0.840000000000000	1.48113202734992
0.880000000000000	1.53879674485323
0.920000000000000	1.59600411119041
0.960000000000000	1.65300998050861
1	1.71062744611759
1.04000000000000	1.76954457686454
1.08000000000000	1.83039328505839
1.12000000000000	1.89367607622844
1.16000000000000	1.95977733708153
1.20000000000000	2.02898168175638
1.24000000000000	2.10148894680313
1.28000000000000	2.17742708655353
1.32000000000000	2.25686362658069
1.36000000000000	2.33981597592227
1.40000000000000	2.42626070443528
1.44000000000000	2.51614180422643
1.48000000000000	2.60937793165176
1.52000000000000	2.70586863857104
1.56000000000000	2.80549962777415
1.60000000000000	2.90814709502076
1.64000000000000	3.01368124213796
1.68000000000000	3.12196905942174
1.72000000000000	3.23276243976661
1.76000000000000	3.34575701752509
1.80000000000000	3.46082043226822
1.84000000000000	3.57782328740394
1.88000000000000	3.69663753499300
1.92000000000000	3.81713757042408
1.96000000000000	3.93920098949344
2	4.06270908926559
2.04000000000000	4.18754717764548
2.08000000000000	4.31360474254340
2.12000000000000	4.44077551983202
2.16000000000000	4.56890713837609
2.20000000000000	4.69767472877174
2.24000000000000	4.82700561881579
2.28000000000000	4.95685868211528
2.32000000000000	5.08718138520267
2.36000000000000	5.21791478462982
2.40000000000000	5.34899684919669
2.44000000000000	5.48036464136095
2.48000000000000	5.61195572620582
2.52000000000000	5.74370906091444
2.56000000000000	5.87556553747821
2.60000000000000	6.00745651396727
2.64000000000000	6.13904943294775
2.68000000000000	6.27027685034121
2.72000000000000	6.40116063502562
2.76000000000000	6.53169888893429
2.80000000000000	6.66187609900059
2.84000000000000	6.79166932454623
2.88000000000000	6.92105194160516
2.92000000000000	7.04999588616731
2.96000000000000	7.17847297878331
3	7.30645568969021
3.04000000000000	7.43391756515069
3.08000000000000	7.56083345006468
3.12000000000000	7.68713257875661
3.16000000000000	7.81259209553050
3.20000000000000	7.93722403045197
3.24000000000000	8.06107500936027
3.28000000000000	8.18444602731356
3.32000000000000	8.30773336861633
3.36000000000000	8.43120042380230
3.40000000000000	8.55501357473518
3.44000000000000	8.67927363548220
3.48000000000000	8.80403707532314
3.52000000000000	8.92933043425395
3.56000000000000	9.05516014763789
3.60000000000000	9.18151925097673
3.64000000000000	9.30839195499264
3.68000000000000	9.43575676377912
3.72000000000000	9.56358859565282
3.76000000000000	9.69186022164172
3.80000000000000	9.82054323763020
3.84000000000000	9.94960871830898
3.88000000000000	10.0790270581570
3.92000000000000	10.2086341953711
3.96000000000000	10.3383941541670
4	10.4921573447100
4.04000000000000	10.6362560794939
4.08000000000000	10.7743550115238
4.12000000000000	10.9088229633861
4.16000000000000	11.0411715335142
4.20000000000000	11.1723774352232
4.24000000000000	11.3030754464589
4.28000000000000	11.4336781813158
4.32000000000000	11.5644524078474
4.36000000000000	11.6955685625105
4.40000000000000	11.8271332581655
4.44000000000000	11.9592107844337
4.48000000000000	12.0918373872885
4.52000000000000	12.2250307717146
4.56000000000000	12.3587964284961
4.60000000000000	12.4931318443057
4.64000000000000	12.6280292998664
4.68000000000000	12.7634777265739
4.72000000000000	12.8994624218926
4.76000000000000	13.0358681443769
4.80000000000000	13.1726621449237
4.84000000000000	13.3096842826202
4.88000000000000	13.4461889650589
4.92000000000000	13.5815809226919
4.96000000000000	13.7155036415477
5	13.8477485904126
5.04000000000000	13.9781983790511
5.08000000000000	14.1067915189099
5.12000000000000	14.2335006908665
5.16000000000000	14.3583193759063
5.20000000000000	14.4812536377126
5.24000000000000	14.6023170720215
5.28000000000000	14.7215277014915
5.32000000000000	14.8389060663862
5.36000000000000	14.9544740510494
5.40000000000000	15.0682541637429
5.44000000000000	15.1802690962424
5.48000000000000	15.2905071787922
5.52000000000000	15.3988629011550
5.56000000000000	15.5053968507383
5.60000000000000	15.6101729565712
5.64000000000000	15.7132391576881
5.68000000000000	15.8146333643582
5.72000000000000	15.9143871077762
5.76000000000000	16.0125277851036
5.80000000000000	16.1090800472180
5.84000000000000	16.2040666612295
5.88000000000000	16.2975090500664
5.92000000000000	16.3894276328266
5.96000000000000	16.4798420417866
6	16.5687712627678
6.04000000000000	16.6562337276861
6.08000000000000	16.7422473771291
6.12000000000000	16.8268297040396
6.16000000000000	16.9099977854044
6.20000000000000	16.9917683062585
6.24000000000000	17.0721575787077
6.28000000000000	17.1511623518062
6.32000000000000	17.2287137304268
6.36000000000000	17.3048357975603
6.40000000000000	17.3793454987382
6.44000000000000	17.4522844527481
6.48000000000000	17.5237727331225
6.52000000000000	17.5939018301140
6.56000000000000	17.6627040809864
6.60000000000000	17.7302062639299
6.64000000000000	17.7964580822225
6.68000000000000	17.8614613932189
6.72000000000000	17.9251353832034
6.76000000000000	17.9875491732073
6.80000000000000	18.0487935417064
6.84000000000000	18.1090190340030
6.88000000000000	18.1682452656223
6.92000000000000	18.2264559119253
6.96000000000000	18.2836213020877
7	18.3398436767591
7.04000000000000	18.3951872584502
7.08000000000000	18.4496965760484
7.12000000000000	18.5033902303944
7.16000000000000	18.5562742873948
7.20000000000000	18.6083205417747
7.24000000000000	18.6592952605922
7.28000000000000	18.7092584960729
7.32000000000000	18.7582906875714
7.36000000000000	18.8064331322953
7.40000000000000	18.8536546019317
7.44000000000000	18.8999648398351
7.48000000000000	18.9454174916495
7.52000000000000	18.9900395187400
7.56000000000000	19.0338459982354
7.60000000000000	19.0768052313458
7.64000000000000	19.1188874393446
7.68000000000000	19.1601320231678
7.72000000000000	19.2005600252897
7.76000000000000	19.2401837137024
7.80000000000000	19.2790114388606
7.84000000000000	19.3170497576199
7.88000000000000	19.3543043766784
7.92000000000000	19.3907805782019
7.96000000000000	19.4264834150787
8	19.4614178023056
8.04000000000000	19.4954402650134
8.08000000000000	19.5284880427350
8.12000000000000	19.5606655791768
8.16000000000000	19.5920184322429
8.20000000000000	19.6225682883228
8.24000000000000	19.6523272341153
8.28000000000000	19.6813033990594
8.32000000000000	19.7095032376403
8.36000000000000	19.7369324720483
8.40000000000000	19.7635964898841
8.44000000000000	19.7895005160773
8.48000000000000	19.8146496896332
8.52000000000000	19.8390490996156
8.56000000000000	19.8627038034217
8.60000000000000	19.8856188372837
8.64000000000000	19.9077992233529
8.68000000000000	19.9292499753070
8.72000000000000	19.9499761033631
8.76000000000000	19.9699826191072
8.80000000000000	19.9892745403351
8.84000000000000	20.0078568960051
8.88000000000000	20.0257347313535
8.92000000000000	20.0429131132051
8.96000000000000	20.0593971354984
9	20.0751919250435
9.04000000000000	20.0903026475240
9.08000000000000	20.1047345137556
9.12000000000000	20.1184927862128
9.16000000000000	20.1315827858330
9.20000000000000	20.1440098991085
9.24000000000000	20.1557795854726
9.28000000000000	20.1668973849900
9.32000000000000	20.1773689263537
9.36000000000000	20.1871999351951
9.40000000000000	20.1963962427064
9.44000000000000	20.2049637945760
9.48000000000000	20.2129086602313
9.52000000000000	20.2202370423808
9.56000000000000	20.2269552868438
9.60000000000000	20.2330698926495
9.64000000000000	20.2385875223812
9.68000000000000	20.2435150127374
9.72000000000000	20.2478593852704
9.76000000000000	20.2516278572568
9.80000000000000	20.2548278526456
9.84000000000000	20.2574670130159
9.88000000000000	20.2595532084697
9.92000000000000	20.2610945483692
9.96000000000000	20.2620993918166
10	20.2625763577616
10.0400000000000	20.2625343346053
10.0800000000000	20.2619824891571
10.1200000000000	20.2609302595484
10.1600000000000	20.2593873109708
10.2000000000000	20.2573636753277
10.2400000000000	20.2548697040727
10.2800000000000	20.2519160560380
10.3200000000000	20.2485136987294
10.3600000000000	20.2446739076099
10.4000000000000	20.2404082631505
10.4400000000000	20.2357339528400
10.4800000000000	20.2306853103018
10.5200000000000	20.2252930791176
10.5600000000000	20.2195811191348
10.6000000000000	20.2135684413550
10.6400000000000	20.2072706049103
10.6800000000000	20.2007006935097
10.7200000000000	20.1938700081876
10.7600000000000	20.1867885648900
10.8000000000000	20.1794654555422
10.8400000000000	20.1719091122115
10.8800000000000	20.1641275015811
10.9200000000000	20.1561282686985
10.9600000000000	20.1479188433750
11	20.1395065187711
11.0400000000000	20.1308985090253
11.0800000000000	20.1221019908984
11.1200000000000	20.1131241330643
11.1600000000000	20.1039721157191
11.2000000000000	20.0946531424839
11.2400000000000	20.0851744460807
11.2800000000000	20.0755432888916
11.3200000000000	20.0657669592505
11.3600000000000	20.0558527641270
11.4000000000000	20.0458080187206
11.4400000000000	20.0356400333928
11.4800000000000	20.0253560982914
11.5200000000000	20.0149634659803
11.5600000000000	20.0044693323573
11.6000000000000	19.9938808161266
11.6400000000000	19.9832049370839
11.6800000000000	19.9724485934721
11.7200000000000	19.9616185386656
11.7600000000000	19.9507213574501
11.8000000000000	19.9397634421684
11.8400000000000	19.9287509690121
11.8800000000000	19.9176898747484
11.9200000000000	19.9065858341758
11.9600000000000	19.8954442386127
12	19.8842701757297
12.0400000000000	19.8730687420151
12.0729009060284	19.8638477671549
12.0800000000000	19.8618583179958
12.1154954698581	19.8519120965057
12.1200000000000	19.8506499996063
12.1425226507093	19.8443399273101
12.1600000000000	19.8394438482923
12.2000000000000	19.8282398628903
12.2400000000000	19.8170380422385
12.2800000000000	19.8058383851779
12.3200000000000	19.7946408905513
12.3600000000000	19.7834455572042
12.4000000000000	19.7722523839841
12.4400000000000	19.7610613697409
12.4800000000000	19.7498725133269
12.5200000000000	19.7386858135965
12.5600000000000	19.7275012694064
12.6000000000000	19.7163188796159
12.6294112681105	19.7081297030719
12.6400000000000	19.7055706576988
12.6800000000000	19.7041394113645
12.7200000000000	19.7566902696747
12.7600000000000	19.8598033819955
12.8000000000000	19.9925594459591
12.8400000000000	20.1453773390203
12.8800000000000	20.3116900163760
12.9200000000000	20.4869786149854
12.9600000000000	20.6683429058863
13	20.8539906859279
13.0400000000000	21.0427540526524
13.0800000000000	21.2337646666790
13.1200000000000	21.4265014841173
13.1600000000000	21.6206685681299
13.2000000000000	21.8160993011768
13.2400000000000	22.0127009616264
13.2800000000000	22.2104229218433
13.3200000000000	22.4092384869609
13.3600000000000	22.6091345522509
13.4000000000000	22.8101088171012
13.4400000000000	23.0121771972206
13.4800000000000	23.2153498960959
13.5200000000000	23.4196265031509
13.5600000000000	23.6250005835018
13.6000000000000	23.8314622999775
13.6400000000000	24.0389999169868
13.6800000000000	24.2476006618498
13.7200000000000	24.4572512173843
13.7600000000000	24.6679380031663
13.8000000000000	24.8796473358612
13.8400000000000	25.0923655204483
13.8800000000000	25.3060789020118
13.9200000000000	25.5207738950573
13.9600000000000	25.7364370000320
14	25.9530548125674
14.0400000000000	26.1706140285810
14.0800000000000	26.3891014470234
14.1200000000000	26.6085039712811
14.1600000000000	26.8288086098110
14.2000000000000	27.0500024763313
14.2400000000000	27.2720727897526
14.2800000000000	27.4950068739551
14.3200000000000	27.7187904591548
14.3600000000000	27.9433316233814
14.4000000000000	28.1684187908416
14.4400000000000	28.3940426701347
14.4800000000000	28.6202252959089
14.5200000000000	28.8469517700294
14.5600000000000	29.0739404708884
14.6000000000000	29.3012756601552
14.6400000000000	29.5290758645702
14.6800000000000	29.7574078535755
14.7200000000000	29.9863269996503
14.7600000000000	30.2159151656648
14.8000000000000	30.4461501667221
14.8400000000000	30.6770005527366
14.8800000000000	30.9084515937875
14.9200000000000	31.1404958262187
14.9600000000000	31.3731539191665
15	31.6064909840291
15.0400000000000	31.8405437271378
15.0800000000000	32.0753299070180
15.1200000000000	32.3108585346767
15.1600000000000	32.5470025292048
15.2000000000000	32.7837323062901
15.2400000000000	33.0211446455313
15.2800000000000	33.2592815905968
15.3200000000000	33.4981620114341
15.3600000000000	33.7377950750940
15.4000000000000	33.9782590333039
15.4400000000000	34.2197344343673
15.4800000000000	34.4622136163003
15.5200000000000	34.7056919658825
15.5600000000000	34.9501689060812
15.6000000000000	35.1956455873552
15.6400000000000	35.4420799807265
15.6800000000000	35.6890405670343
15.7200000000000	35.9363603959299
15.7600000000000	36.1840208619387
15.8000000000000	36.4320249588218
15.8400000000000	36.6803827872077
15.8800000000000	36.9291122483838
15.9200000000000	37.1782341753414
15.9600000000000	37.4277393267333
16	37.6776954935168
16.0400000000000	37.9281660044993
16.0800000000000	38.1791740640180
16.1200000000000	38.4306234433231
16.1600000000000	38.6820857770480
16.2000000000000	38.9338164906458
16.2400000000000	39.1859436495973
16.2800000000000	39.4385001437883
16.3200000000000	39.6914938971200
16.3600000000000	39.9449262407687
16.4000000000000	40.1987967535461
16.4400000000000	40.4531002066791
16.4800000000000	40.7077264117477
16.5200000000000	40.9627835948124
16.5600000000000	41.2183473093571
16.6000000000000	41.4744338434285
16.6400000000000	41.7310461007982
16.6800000000000	41.9881839419276
16.7200000000000	42.2458465299012
16.7600000000000	42.5040328660856
16.7841899638857	42.6604245056015
16.7960138043686	42.7369368473076
16.8000000000000	42.7627418879381
16.8039885577883	42.7856532293431
16.8239313467298	42.8522459468462
16.8400000000000	42.8795831301712
16.8800000000000	42.9124094268610
16.9200000000000	43.0528804670910
16.9600000000000	43.0835921207522
17	43.0864400222614
17.0400000000000	43.0808874909006
17.0800000000000	43.0714346367511
17.1200000000000	43.0598340124495
17.1600000000000	43.0469473611622
17.2000000000000	43.0332633603947
17.2400000000000	43.0190948464131
17.2800000000000	43.0046568917050
17.3200000000000	42.9901100602483
17.3600000000000	42.9755864904905
17.4000000000000	42.9612059414126
17.4400000000000	42.9470867150930
17.4800000000000	42.9333538310643
17.5200000000000	42.9201462613494
17.5600000000000	42.9076343233117
17.6000000000000	42.8960295615160
17.6400000000000	42.8855858438115
17.6800000000000	42.8766034423301
17.7200000000000	42.8694274879662
17.7600000000000	42.8644365617675
17.8000000000000	42.8620179072288
17.8400000000000	42.8625291540807
17.8800000000000	42.8662532944709
17.9200000000000	42.8733610451836
17.9600000000000	42.8838962659284
18	42.8977914133406
18.0400000000000	42.9149055870508
18.0800000000000	42.9350620602093
18.1200000000000	42.9580705941491
18.1600000000000	42.9837741854716
18.2000000000000	43.0122391794491
18.2400000000000	43.0437847482740
18.2800000000000	43.0785958969479
18.3200000000000	43.1167539875324
18.3600000000000	43.1582834372943
18.4000000000000	43.2031808565489
18.4400000000000	43.2514313847341
18.4800000000000	43.3030167316499
18.5200000000000	43.3579133196222
18.5600000000000	43.4156263768560
18.6000000000000	43.4761795679458
18.6400000000000	43.5397675962670
18.6800000000000	43.6064635023802
18.7200000000000	43.6762883444945
18.7600000000000	43.7492419575238
18.8000000000000	43.8252712740170
18.8400000000000	43.9042294773116
18.8800000000000	43.9860666753748
18.9200000000000	44.0706639489288
18.9600000000000	44.1579506370057
19	44.2478197479061
19.0400000000000	44.3403531436285
19.0800000000000	44.4356025025555
19.1200000000000	44.5335853090087
19.1600000000000	44.6341505480151
19.2000000000000	44.7370567108248
19.2400000000000	44.8424592296345
19.2800000000000	44.9504316665007
19.3200000000000	45.0610078495895
19.3600000000000	45.1742096938904
19.4000000000000	45.2900242915815
19.4400000000000	45.4084414583493
19.4800000000000	45.5294556703933
19.5200000000000	45.6530385806749
19.5600000000000	45.7791106575355
19.6000000000000	45.9077564971679
19.6400000000000	46.0390385424404
19.6800000000000	46.1729904424028
19.7200000000000	46.3096397324053
19.7600000000000	46.4491365815968
19.8000000000000	46.5915252725572
19.8400000000000	46.7368052672413
19.8800000000000	46.8849795989575
19.9200000000000	47.0360527650203
19.9600000000000	47.1900295403969
20	47.3468066733675
20.0400000000000	47.5064119001779
20.0800000000000	47.6688976400017
20.1200000000000	47.8342915297150
20.1600000000000	48.0026093434819
20.2000000000000	48.1738024675815
20.2400000000000	48.3471885625920
20.2800000000000	48.5221588137154
20.3200000000000	48.6984419025229
20.3600000000000	48.8759208525046
20.4000000000000	49.0545488205079
20.4400000000000	49.2343107657819
20.4800000000000	49.4152060777189
20.5200000000000	49.5972407183211
20.5600000000000	49.7804236718292
20.6000000000000	49.9647653415521
20.6400000000000	50.1502768264266
20.6800000000000	50.3369695948908
20.7200000000000	50.5248553381573
20.7600000000000	50.7139459044769
20.8000000000000	50.9042532699588
20.8400000000000	51.0957895258907
20.8800000000000	51.2885247663920
20.9200000000000	51.4822319195352
20.9600000000000	51.6767447462458
21	51.8719988834444
21.0400000000000	52.0679696858978
21.0800000000000	52.2646521527041
21.1200000000000	52.4620508822934
21.1600000000000	52.6601748257056
21.2000000000000	52.8590349320128
21.2400000000000	53.0586430913916
21.2800000000000	53.2590116607600
21.3200000000000	53.4601522776301
21.3600000000000	53.6620279242088
21.4000000000000	53.8646717082604
21.4400000000000	54.0681198412041
21.4800000000000	54.2723950676889
21.5200000000000	54.4775147256023
21.5600000000000	54.6834619909624
21.6000000000000	54.8901265470565
21.6400000000000	55.0974440742436
21.6800000000000	55.3053922867883
21.7200000000000	55.5139659514849
21.7600000000000	55.7231667710370
21.8000000000000	55.9329992740892
21.8400000000000	56.1434691456370
21.8800000000000	56.3545825487706
21.9200000000000	56.5663458491749
21.9600000000000	56.7787655032995
22	56.9918480130586
22.0400000000000	57.2056196970563
22.0800000000000	57.4201538994494
22.1200000000000	57.6354558658326
22.1600000000000	57.8515292875123
22.2000000000000	58.0683797418548
22.2400000000000	58.2858571474265
22.2800000000000	58.5035624050855
22.3200000000000	58.7212825136768
22.3600000000000	58.9389336540907
22.4000000000000	59.1564854508768
22.4400000000000	59.3739296404088
22.4800000000000	59.5912572425190
22.5200000000000	59.8084613849851
22.5600000000000	60.0257234608406
22.6000000000000	60.2431303246027
22.6400000000000	60.4606116493066
22.6800000000000	60.6778283657649
22.7200000000000	60.8946128287468
22.7600000000000	61.1109075159473
22.8000000000000	61.3266897948727
22.8400000000000	61.5419485368826
22.8800000000000	61.7566864671628
22.9200000000000	61.9708833167953
22.9600000000000	62.1845228478035
23	62.3975698312226
23.0400000000000	62.6096715845473
23.0800000000000	62.8204996846083
23.1200000000000	63.0298896850255
23.1600000000000	63.2373303951779
23.2000000000000	63.4430515585970
23.2400000000000	63.6471868270256
23.2800000000000	63.8497621396714
23.3200000000000	64.0507779920454
23.3600000000000	64.2502290128950
23.4000000000000	64.4481037738579
23.4400000000000	64.6442990003937
23.4800000000000	64.8389196242085
23.5200000000000	65.0320319860125
23.5600000000000	65.2236437847609
23.6000000000000	65.4137506794498
23.6400000000000	65.6023273577047
23.6800000000000	65.7892959071294
23.7200000000000	65.9746280807880
23.7600000000000	66.1582227473780
23.8000000000000	66.3400917503592
23.8400000000000	66.5203153146577
23.8800000000000	66.6989168299359
23.9200000000000	66.8759087989949
23.9600000000000	67.0513013296990
24	67.2251038580291
24.0400000000000	67.3973255040980
24.0800000000000	67.5679751478257
24.1200000000000	67.7370614461733
24.1600000000000	67.9045928379449
24.2000000000000	68.0705775458472
24.2400000000000	68.2350256666169
24.2800000000000	68.3977975362322
24.3200000000000	68.5586073570594
24.3600000000000	68.7173660549910
24.4000000000000	68.8740297373410
24.4400000000000	69.0281794350891
24.4800000000000	69.3003697143864
24.5200000000000	69.4888407348666
24.5600000000000	69.6399632587285
24.6000000000000	69.7728136693463
24.6400000000000	69.8957832546422
24.6800000000000	70.0126960007515
24.7200000000000	70.1255822824327
24.7600000000000	70.2353215560216
24.8000000000000	70.3426250986573
24.8400000000000	70.4478946201649
24.8800000000000	70.5513263362191
24.9200000000000	70.6526263978667
24.9600000000000	70.7513230291537
25	70.8472031474351
25.0400000000000	70.9402444658286
25.0800000000000	71.0304674567124
25.1200000000000	71.1177205702723
25.1600000000000	71.2021041418163
25.2000000000000	71.2837723855840
25.2400000000000	71.3629793013977
25.2800000000000	71.4397654340357
25.3200000000000	71.5140827005694
25.3600000000000	71.5860568477895
25.4000000000000	71.6558838445103
25.4400000000000	71.7236477496441
25.4800000000000	71.7893816946987
25.5200000000000	71.8530864555262
25.5600000000000	71.9145989305958
25.6000000000000	71.9736369680649
25.6400000000000	72.0304235201837
25.6800000000000	72.0850318258922
25.7200000000000	72.1373828636590
25.7600000000000	72.1875684634336
25.8000000000000	72.2356545287328
25.8400000000000	72.2816471180838
25.8800000000000	72.3254377423118
25.9200000000000	72.3670868294244
25.9600000000000	72.4066347286104
26	72.4440953578583
26.0400000000000	72.4794754598149
26.0800000000000	72.5127797844498
26.1200000000000	72.5440058266572
26.1600000000000	72.5727659252757
26.2000000000000	72.5990095765973
26.2400000000000	72.6228802862455
26.2800000000000	72.6444495915054
26.3200000000000	72.6637570025949
26.3600000000000	72.6808247240847
26.4000000000000	72.6956713724328
26.4400000000000	72.7083154294952
26.4800000000000	72.7187762429100
26.5200000000000	72.7270744068062
26.5600000000000	72.7332319870931
26.6000000000000	72.7372727151461
26.6400000000000	72.7392221849531
26.6800000000000	72.7391080643830
26.7200000000000	72.7369603239446
26.7600000000000	72.7328176565912
26.8000000000000	72.7268550567820
26.8400000000000	72.7193165289985
26.8800000000000	72.7103335086991
26.9200000000000	72.6999775830707
26.9600000000000	72.6882925467558
27	72.6753092030131
27.0400000000000	72.6610525361649
27.0800000000000	72.6455453509023
27.1200000000000	72.6288102183629
27.1600000000000	72.6108705884517
27.2000000000000	72.5917514817261
27.2400000000000	72.5714799635275
27.2800000000000	72.5500855001959
27.3200000000000	72.5276002451384
27.3600000000000	72.5040592749570
27.4000000000000	72.4795007803991
27.4400000000000	72.4539660359940
27.4800000000000	72.4274972119499
27.5200000000000	72.4001393982469
27.5600000000000	72.3719428786571
27.6000000000000	72.3429623642132
27.6400000000000	72.3132561836803
27.6800000000000	72.2828854812269
27.7200000000000	72.2519133716687
27.7600000000000	72.2204040321145
27.8000000000000	72.1884217314567
27.8400000000000	72.1560300144048
27.8800000000000	72.1232924417926
27.9200000000000	72.0902685493565
27.9600000000000	72.0570121616365
28	72.0235717499374
28.0400000000000	71.9899937171849
28.0800000000000	71.9563265638499
28.1200000000000	71.9226058252520
28.1600000000000	71.8888555243294
28.2000000000000	71.8550920006862
28.2400000000000	71.8213264213812
28.2800000000000	71.7875664642420
28.3200000000000	71.7538174524590
28.3600000000000	71.7200831223360
28.4000000000000	71.6863661448857
28.4400000000000	71.6526684822200
28.4800000000000	71.6189916333364
28.5200000000000	71.5853368062027
28.5600000000000	71.5517050410203
28.6000000000000	71.5180973013304
28.6400000000000	71.4845145439506
28.6800000000000	71.4509577747647
28.7200000000000	71.4174280945817
28.7600000000000	71.3839267372670
28.8000000000000	71.3504551009138
28.8400000000000	71.3170147718314
28.8800000000000	71.2836075405187
28.9200000000000	71.2502354085260
28.9600000000000	71.2169005851601
29	71.1836054733266
29.0400000000000	71.1503526443718
29.0800000000000	71.1171448025124
29.1200000000000	71.0839847402279
29.1600000000000	71.0508752867370
29.2000000000000	71.0178192522804
29.2400000000000	70.9848193713101
29.2800000000000	70.9518782477831
29.3200000000000	70.9189984220779
29.3600000000000	70.8861844943581
29.4000000000000	70.8534436711199
29.4400000000000	70.8207842458531
29.4800000000000	70.7882156086387
29.5200000000000	70.7557483546577
29.5600000000000	70.7233943883662
29.6000000000000	70.6911670189650
29.6400000000000	70.6590810416927
29.6800000000000	70.6271527983577
29.7200000000000	70.5954002094647
29.7600000000000	70.5638427694404
29.8000000000000	70.5325014959823
29.8400000000000	70.5013988246742
29.8800000000000	70.4705598819133
29.9200000000000	70.4400172004513
29.9600000000000	70.4098078446512
30	70.3799721231428
30.0400000000000	70.3505532893598
30.0800000000000	70.3215970197208
30.1200000000000	70.2931506385480
30.1600000000000	70.2652620774171
30.2000000000000	70.2379785859565
30.2400000000000	70.2113452498954
30.2800000000000	70.1854034155013
30.3200000000000	70.1601891587012
30.3600000000000	70.1357319607764
30.4000000000000	70.1120537498797
30.4400000000000	70.0891684331509
30.4800000000000	70.0670819810972
30.5200000000000	70.0457921195113
30.5600000000000	70.0252859347278
30.6000000000000	70.0055448449064
30.6400000000000	69.9865479013848
30.6800000000000	69.9682733112385
30.7200000000000	69.9506996654094
30.7600000000000	69.9338068314322
30.8000000000000	69.9175765213569
30.8400000000000	69.9019925793219
30.8800000000000	69.8870410497658
30.9200000000000	69.8727100900486
30.9600000000000	69.8589897850594
31	69.8458719106294
31.0400000000000	69.8333496805674
31.0800000000000	69.8214175009386
31.1200000000000	69.8100707459016
31.1600000000000	69.7993055622974
31.2000000000000	69.7891187051687
31.2400000000000	69.7795074031443
31.2800000000000	69.7704692507612
31.3200000000000	69.7620021239316
31.3600000000000	69.7541041145766
31.4000000000000	69.7467734806641
31.4400000000000	69.7400086083318
31.4800000000000	69.7338079833030
31.5200000000000	69.7281701693325
31.5600000000000	69.7230937919031
31.6000000000000	69.7185812848938
31.6400000000000	69.7146926007363
31.6800000000000	69.7115101159921
31.7200000000000	69.7090834325283
31.7600000000000	69.7074407310149
31.8000000000000	69.7065976948977
31.8400000000000	69.7065628130091
31.8800000000000	69.7073405014952
31.9200000000000	69.7089329125646
31.9600000000000	69.7113409617988
32	69.7145648989446
32.0400000000000	69.7186046177722
32.0800000000000	69.7234598202704
32.1200000000000	69.7291301014991
32.1600000000000	69.7356149923035
32.2000000000000	69.7429139802264
32.2400000000000	69.7510265194466
32.2800000000000	69.7599520353619
32.3200000000000	69.7696899266467
32.3600000000000	69.7802395661760
32.4000000000000	69.7916003014742
32.4400000000000	69.8037714549900
32.4800000000000	69.8167523243280
32.5200000000000	69.8305421824890
32.5600000000000	69.8451402781351
32.6000000000000	69.8605458358829
32.6400000000000	69.8767580566219
32.6800000000000	69.8937761178518
32.7200000000000	69.9115991740359
32.7600000000000	69.9302263569654
32.8000000000000	69.9496567761306
32.8400000000000	69.9698895190972
32.8800000000000	69.9909236518833
32.9200000000000	70.0127582193371
32.9600000000000	70.0353922455123
33	70.0588247340396
33.0400000000000	70.0830543524197
33.0800000000000	70.1080797507082
33.1200000000000	70.1338998754205
33.1600000000000	70.1605136533829
33.2000000000000	70.1879199925879
33.2400000000000	70.2160291408819
33.2800000000000	70.2448123437706
33.3200000000000	70.2743235389711
33.3600000000000	70.3045822285348
33.4000000000000	70.3355894505216
33.4400000000000	70.3673122773643
33.4800000000000	70.3997267969708
33.5200000000000	70.4328245437324
33.5600000000000	70.4666023430992
33.6000000000000	70.5010588585406
33.6400000000000	70.5361933780646
33.6800000000000	70.5720053931514
33.7200000000000	70.6084944545461
33.7600000000000	70.6456601236092
33.8000000000000	70.6835019562504
33.8400000000000	70.7220194978371
33.8800000000000	70.7612122817508
33.9200000000000	70.8010798291373
33.9600000000000	70.8416225756932
34	70.8828499194467
34.0400000000000	70.9247677623856
34.0800000000000	70.9673765102761
34.1200000000000	71.0106748709010
34.1600000000000	71.0546454490124
34.2000000000000	71.0992658313421
34.2400000000000	71.1445536984437
34.2800000000000	71.1905139060676
34.3200000000000	71.2371466352203
34.3600000000000	71.2844505362160
34.4000000000000	71.3324237618181
34.4400000000000	71.3810643030718
34.4800000000000	71.4303700972293
34.5200000000000	71.4803390619946
34.5600000000000	71.5309691062076
34.6000000000000	71.5822581330807
34.6400000000000	71.6342040411100
34.6800000000000	71.6868047242712
34.7200000000000	71.7400525912866
34.7600000000000	71.7939264473023
34.8000000000000	71.8484466953318
34.8400000000000	71.9033445857156
34.8800000000000	71.9576633778597
34.9200000000000	72.0108994218488
34.9600000000000	72.0629071342681
35	72.1136911809353
35.0400000000000	72.1632543616295
35.0800000000000	72.2115989033863
35.1200000000000	72.2587268430476
35.1600000000000	72.3046310990182
35.2000000000000	72.3492436967671
35.2400000000000	72.3926002677045
35.2800000000000	72.4347248010713
35.3200000000000	72.4756254006298
35.3600000000000	72.5153057824044
35.4000000000000	72.5537684068406
35.4400000000000	72.5910153511296
35.4800000000000	72.6270485580424
35.5200000000000	72.6618699092163
35.5600000000000	72.6954812480644
35.6000000000000	72.7278843880013
35.6400000000000	72.7590811163774
35.6800000000000	72.7888830809684
35.7200000000000	72.8172760439992
35.7600000000000	72.8443091986595
35.8000000000000	72.8699822254790
35.8400000000000	72.8942986127015
35.8800000000000	72.9172625057102
35.9200000000000	72.9388782934120
35.9600000000000	72.9591574442653
36	72.9781208420965
36.0400000000000	72.9957802135072
36.0800000000000	73.0121430200237
36.1200000000000	73.0272156142701
36.1600000000000	73.0410041372973
36.2000000000000	73.0535147879979
36.2400000000000	73.0647539133011
36.2800000000000	73.0747280462585
36.3200000000000	73.0834439291054
36.3600000000000	73.0909085324673
36.4000000000000	73.0971290742128
36.4400000000000	73.1021130391221
36.4800000000000	73.1058681998161
36.5200000000000	73.1084026391584
36.5600000000000	73.1097247742666
36.6000000000000	73.1098433822430
36.6400000000000	73.1087676277234
36.6800000000000	73.1065070923344
36.7200000000000	73.1030718061400
36.7600000000000	73.0984722811458
36.8000000000000	73.0927201201023
36.8400000000000	73.0858884249138
36.8800000000000	73.0781186859879
36.9200000000000	73.0694923876640
36.9600000000000	73.0600537083690
37	73.0498279380292
37.0400000000000	73.0388306145538
37.0800000000000	73.0270721908679
37.1200000000000	73.0145604765520
37.1600000000000	73.0013019438676
37.2000000000000	72.9873024429241
37.2400000000000	72.9725676044547
37.2800000000000	72.9571030752122
37.3200000000000	72.9409146627475
37.3600000000000	72.9240084308189
37.4000000000000	72.9063907679083
37.4400000000000	72.8880684412501
37.4800000000000	72.8690486432950
37.5200000000000	72.8493390344901
37.5600000000000	72.8289477845439
37.6000000000000	72.8078836133440
37.6400000000000	72.7861558320935
37.6800000000000	72.7637743848405
37.7200000000000	72.7407498902994
37.7600000000000	72.7170936836486
37.8000000000000	72.6928178577960
37.8400000000000	72.6679353034315
37.8800000000000	72.6424597470030
37.9200000000000	72.6164051413952
37.9600000000000	72.5897842939008
38	72.5626114897096
38.0400000000000	72.5349029258816
38.0800000000000	72.5066764583614
38.1200000000000	72.4779514106303
38.1600000000000	72.4487484195309
38.2000000000000	72.4190893009521
38.2400000000000	72.3889969230551
38.2800000000000	72.3584950783100
38.3200000000000	72.3276083483009
38.3600000000000	72.2963619573817
38.4000000000000	72.2647816130385
38.4400000000000	72.2328933323610
38.4800000000000	72.2007232554151
38.5200000000000	72.1682977748455
38.5600000000000	72.1356450925114
38.6000000000000	72.1027924370123
38.6400000000000	72.0697648648270
38.6800000000000	72.0365855718056
38.7200000000000	72.0032760936269
38.7600000000000	71.9698564276108
38.8000000000000	71.9363450997273
38.8400000000000	71.9027592098390
38.8800000000000	71.8691148013593
38.9200000000000	71.8354264095265
38.9600000000000	71.8017063817311
39	71.7679653806199
39.0400000000000	71.7342090467795
39.0800000000000	71.7004495365498
39.1200000000000	71.6666976028531
39.1600000000000	71.6329595329434
39.2000000000000	71.5992392617273
39.2400000000000	71.5655406789137
39.2800000000000	71.5318644349324
39.3200000000000	71.4982105358227
39.3600000000000	71.4645796985792
39.4000000000000	71.4309730879618
39.4400000000000	71.3973921882194
39.4800000000000	71.3638389498805
39.5200000000000	71.3303160041874
39.5600000000000	71.2968268798752
39.6000000000000	71.2633762026879
39.6400000000000	71.2299698458897
39.6800000000000	71.1966149936740
39.7200000000000	71.1633200816739
39.7600000000000	71.1300945912900
39.8000000000000	71.0969486962904
39.8400000000000	71.0638927669184
39.8800000000000	71.0309398572270
39.9200000000000	70.9981125275554
39.9600000000000	70.9654402291230
40	70.9329597901866
40.0400000000000	70.9007168217742
40.0800000000000	70.8687671549372
40.1200000000000	70.8371781697537
40.1600000000000	70.8060314328157
40.2000000000000	70.7754364380920
40.2400000000000	70.7455328721095
40.2800000000000	70.7164892078591
40.3200000000000	70.6885024877096
40.3600000000000	70.6617934675431
40.4000000000000	70.6365950620326
40.4400000000000	70.6131330943953
40.4800000000000	70.5915966199299
40.5200000000000	70.5721009186280
40.5600000000000	70.5546812361325
40.6000000000000	70.5392981156430
40.6400000000000	70.5258550598202
40.6800000000000	70.5142242390352
40.7200000000000	70.5042713127650
40.7600000000000	70.4958732582985
40.8000000000000	70.4889397587275
40.8400000000000	70.4835463564012
40.8800000000000	70.4798120145540
40.9200000000000	70.4778102750662
40.9600000000000	70.4775827020657
41	70.4791496214885
41.0400000000000	70.4825182781661
41.0800000000000	70.4876885781863
41.1200000000000	70.4946567954915
41.1600000000000	70.5034177473310
41.2000000000000	70.5139659376446
41.2400000000000	70.5262960745666
41.2800000000000	70.5404032474920
41.3200000000000	70.5562829410332
41.3600000000000	70.5739309841127
41.4000000000000	70.5933434824276
41.4400000000000	70.6145167545949
41.4800000000000	70.6374472784651
41.5200000000000	70.6621316481552
41.5600000000000	70.6885665403021
41.6000000000000	70.7166979662741
41.6400000000000	70.7462747795731
41.6800000000000	70.7773344747980
41.7200000000000	70.8098966641099
41.7600000000000	70.8439679065978
41.8000000000000	70.8795505844413
41.8400000000000	70.9166454980229
41.8800000000000	70.9552527407181
41.9200000000000	70.9953808450562
41.9600000000000	71.0370470855349
42	71.0802519461525
42.0400000000000	71.1249234309981
42.0800000000000	71.1710612685380
42.1200000000000	71.2186942217721
42.1600000000000	71.2678273961766
42.2000000000000	71.3184580231621
42.2400000000000	71.3705803645312
42.2800000000000	71.4241227966583
42.3200000000000	71.4791268512552
42.3600000000000	71.5356263886903
42.4000000000000	71.5936286629753
42.4400000000000	71.6531317674754
42.4800000000000	71.7141277864820
42.5200000000000	71.7764428085232
42.5600000000000	71.8400231102954
42.6000000000000	71.9049481402269
42.6400000000000	71.9712524323403
42.6800000000000	72.0389519420561
42.7200000000000	72.1080567083505
42.7600000000000	72.1785771140205
42.8000000000000	72.2505060218348
42.8400000000000	72.3238403618840
42.8800000000000	72.3985806639032
42.9200000000000	72.4747287949490
42.9600000000000	72.5522818578807
43	72.6312121366995
43.0400000000000	72.7116207408921
43.0800000000000	72.7935783251146
43.1200000000000	72.8771193111164
43.1600000000000	72.9622616126415
43.2000000000000	73.0490575085025
43.2400000000000	73.1376109299483
43.2800000000000	73.2279217354963
43.3200000000000	73.3199772179999
43.3600000000000	73.4134995594598
43.4000000000000	73.5080958400490
43.4400000000000	73.6035873513577
43.4800000000000	73.6999014344464
43.5200000000000	73.7970099500479
43.5600000000000	73.8948866812380
43.6000000000000	73.9935173740385
43.6400000000000	74.0929197155357
43.6800000000000	74.1931043241384
43.7200000000000	74.2940782782042
43.7600000000000	74.3958470464120
43.8000000000000	74.4984153728308
43.8400000000000	74.6017876824486
43.8800000000000	74.7059682668687
43.9200000000000	74.8109613693122
43.9600000000000	74.9167712235414
44	75.0234020717150
44.0400000000000	75.1308581726202
44.0800000000000	75.2391438055145
44.1200000000000	75.3482632719652
44.1600000000000	75.4582187871226
44.2000000000000	75.5689382338505
44.2400000000000	75.6802915214287
44.2800000000000	75.7922167874268
44.3200000000000	75.9046897489698
44.3600000000000	76.0177022601063
44.4000000000000	76.1312511275306
44.4400000000000	76.2453396114633
44.4800000000000	76.3599735338797
44.5200000000000	76.4751576970137
44.5600000000000	76.5908964190035
44.6000000000000	76.7071938021943
44.6400000000000	76.8240538605196
44.6800000000000	76.9414805800283
44.7200000000000	77.0594779476923
44.7600000000000	77.1780499651637
44.8000000000000	77.2972006553898
44.8400000000000	77.4169340658404
44.8800000000000	77.5372542701258
44.9200000000000	77.6581653688527
44.9600000000000	77.7796714901175
45	77.9017768143461
45.0400000000000	78.0244573872498
45.0800000000000	78.1476534959113
45.1200000000000	78.2713338162680
45.1600000000000	78.3954843365141
45.2000000000000	78.5200992647570
45.2400000000000	78.6451767106389
45.2800000000000	78.7707166362664
45.3200000000000	78.8967198845392
45.3600000000000	79.0231877186072
45.4000000000000	79.1501216036797
45.4400000000000	79.2775231036956
45.4800000000000	79.4053938324087
45.5200000000000	79.5337354302444
45.5600000000000	79.6625495533545
45.6000000000000	79.7918378684464
45.6400000000000	79.9216020503428
45.6800000000000	80.0518437808324
45.7200000000000	80.1825647481318
45.7600000000000	80.3137666466351
45.8000000000000	80.4454511767999
45.8400000000000	80.5776205380095
45.8800000000000	80.7101814835550
45.9200000000000	80.8428864278010
45.9600000000000	80.9755925580431
46	81.1082340235369
46.0400000000000	81.2407810671605
46.0800000000000	81.3732208469062
46.1200000000000	81.5055484485353
46.1600000000000	81.6377626745425
46.2000000000000	81.7698653750396
46.2400000000000	81.9018717292949
46.2800000000000	82.0337943709908
46.3200000000000	82.1656400068549
46.3600000000000	82.2974127043048
46.4000000000000	82.4291153543874
46.4400000000000	82.5607503226198
46.4800000000000	82.6923197388860
46.5200000000000	82.8238256267256
46.5600000000000	82.9552699610790
46.6000000000000	83.0866546941303
46.6400000000000	83.2179817669091
46.6800000000000	83.3492531145289
46.7200000000000	83.4804725636810
46.7600000000000	83.6116477047668
46.8000000000000	83.7427829121155
46.8400000000000	83.8738800666527
46.8800000000000	84.0049399244552
46.9200000000000	84.1359627342552
46.9600000000000	84.2669485160958
47	84.3978971870867
47.0400000000000	84.5288080595108
47.0800000000000	84.6596553885532
47.1200000000000	84.7748198386899
47.1546761512119	84.7965570903696
47.1600000000000	84.7971393436432
47.1866192439408	84.7953262043503
47.2000000000000	84.7924380796589
47.2400000000000	84.7793741693107
47.2800000000000	84.7623730212757
47.3200000000000	84.7431741416367
47.3600000000000	84.7226394896769
47.4000000000000	84.7012530981332
47.4400000000000	84.6793084902994
47.4800000000000	84.6569927913866
47.5200000000000	84.6344293730147
47.5600000000000	84.6117014656696
47.6000000000000	84.5888661185341
47.6400000000000	84.5659628687675
47.6800000000000	84.5430193274156
47.7200000000000	84.5200548786612
47.7600000000000	84.4970831796555
47.8000000000000	84.4741138749386
47.8400000000000	84.4511537848401
47.8800000000000	84.4282077355947
47.9200000000000	84.4052791423667
47.9600000000000	84.3823704203140
48	84.3594832751942
48.0400000000000	84.3366189091945
48.0800000000000	84.3137781669020
48.1200000000000	84.2909616389092
48.1600000000000	84.2681697353889
48.2000000000000	84.2454027383609
48.2400000000000	84.2226608388261
48.2800000000000	84.1999441631514
48.3200000000000	84.1772527918164
48.3600000000000	84.1545867727316
48.4000000000000	84.1319461306992
48.4400000000000	84.1093308741326
48.4800000000000	84.0867409998280
48.5200000000000	84.0641764963523
48.5600000000000	84.0416373464477
48.6000000000000	84.0191235287387
48.6400000000000	83.9966350189431
48.6800000000000	83.9741717907307
48.7200000000000	83.9517338163330
48.7600000000000	83.9293210669751
48.8000000000000	83.9069335131818
48.8400000000000	83.8845711249952
48.8800000000000	83.8622338721275
48.9200000000000	83.8399218400250
48.9600000000000	83.8176356216304
49	83.7953753003764
49.0400000000000	83.7731408438454
49.0800000000000	83.7509322197900
49.1200000000000	83.7287493960959
49.1600000000000	83.7065923407566
49.2000000000000	83.6844610218543
49.2400000000000	83.6623554075472
49.2800000000000	83.6402754660604
49.3200000000000	83.6182211656789
49.3600000000000	83.5961924747435
49.4000000000000	83.5741893616469
49.4400000000000	83.5522117948319
49.4800000000000	83.5302597427891
49.5200000000000	83.5083331740565
49.5600000000000	83.4864320572176
49.6000000000000	83.4645563609019
49.6400000000000	83.4427060537832
49.6800000000000	83.4208811045805
49.7200000000000	83.3990814820566
49.7600000000000	83.3773071550187
49.8000000000000	83.3555580923178
49.8400000000000	83.3338342628486
49.8800000000000	83.3121356355496
49.9200000000000	83.2904621794028
49.9600000000000	83.2688138634335
50	83.2471906567106
50.0400000000000	83.2255925283461
50.0800000000000	83.2040194474952
50.1200000000000	83.1824713833563
50.1600000000000	83.1609483051708
50.2000000000000	83.1394501822230
50.2400000000000	83.1179769838402
50.2800000000000	83.0965286793925
50.3200000000000	83.0751052382926
50.3600000000000	83.0537066299960
50.4000000000000	83.0323328240009
50.4400000000000	83.0109837898477
50.4800000000000	82.9896594971196
50.5200000000000	82.9683599154421
50.5600000000000	82.9470850144828
50.6000000000000	82.9258347639519
50.6400000000000	82.9046091336015
50.6800000000000	82.8834080932259
50.7200000000000	82.8622316126615
50.7600000000000	82.8410796617865
50.8000000000000	82.8199522105212
50.8400000000000	82.7988492288277
50.8800000000000	82.7777706867096
50.9200000000000	82.7567165542126
50.9600000000000	82.7356868014237
51	82.7146813984715
51.0400000000000	82.6937003155263
51.0800000000000	82.6727435227995
51.1200000000000	82.6518109905442
51.1600000000000	82.6309026890543
51.2000000000000	82.6100185886655
51.2400000000000	82.5891586597542
51.2800000000000	82.5683228727380
51.3200000000000	82.5475111980755
51.3600000000000	82.5267236062663
51.4000000000000	82.5059600678509
51.4400000000000	82.4852205534105
51.4800000000000	82.4645050335670
51.5200000000000	82.4438134789831
51.5600000000000	82.4231458603621
51.6000000000000	82.4025021484477
51.6400000000000	82.3818823140243
51.6800000000000	82.3612863279164
51.7200000000000	82.3407141609891
51.7600000000000	82.3201657841476
51.8000000000000	82.2996411683374
51.8400000000000	82.2791402845441
51.8800000000000	82.2586631037935
51.9200000000000	82.2382095971512
51.9600000000000	82.2177797357229
52	82.1973734906540
52.0400000000000	82.1769908331299
52.0800000000000	82.1566317343757
52.1200000000000	82.1362961656561
52.1600000000000	82.1159840982755
52.2000000000000	82.0956955035779
52.2400000000000	82.0754303529466
52.2800000000000	82.0551886178044
52.3200000000000	82.0349702696135
52.3600000000000	82.0147752798755
52.4000000000000	81.9946036201311
52.4400000000000	81.9744552619601
52.4800000000000	81.9543301769814
52.5200000000000	81.9342283368532
52.5600000000000	81.9141497132724
52.6000000000000	81.8940942779749
52.6400000000000	81.8740620027354
52.6800000000000	81.8540528593675
52.7200000000000	81.8340668197235
52.7600000000000	81.8141038556941
52.8000000000000	81.7941639392091
52.8400000000000	81.7742470422363
52.8800000000000	81.7543531367823
52.9200000000000	81.7344821948921
52.9600000000000	81.7146341886487
53	81.6948090901739
53.0400000000000	81.6750068716274
53.0800000000000	81.6552275052070
53.1200000000000	81.6354709631489
53.1600000000000	81.6157372177269
53.2000000000000	81.5960262412533
53.2400000000000	81.5763380060778
53.2800000000000	81.5566724845883
53.3200000000000	81.5370296492104
53.3600000000000	81.5174094724073
53.4000000000000	81.4978119266800
53.4400000000000	81.4782369845671
53.4800000000000	81.4586846186447
53.5200000000000	81.4421722913337
53.5520708540468	81.4889151503558
53.5600000000000	81.5067505651650
53.6000000000000	81.6144309467954
53.6400000000000	81.7389984479383
53.6800000000000	81.8710471048681
53.7200000000000	82.0064140799296
53.7600000000000	82.1431857890348
53.8000000000000	82.2804501355695
53.8400000000000	82.4177735666507
53.8800000000000	82.5549515362616
53.9200000000000	82.6918880222108
53.9600000000000	82.8285382103113
54	82.9648820072701
54.0400000000000	83.1009267160618
54.0800000000000	83.2366861639612
54.1200000000000	83.3721668104165
54.1600000000000	83.5073718120749
54.2000000000000	83.6423028567484
54.2400000000000	83.7769609781983
54.2800000000000	83.9113469184111
54.3200000000000	84.0454612887985
54.3600000000000	84.1793046419765
54.4000000000000	84.3128775037521
54.4400000000000	84.4461803873884
54.4800000000000	84.5792137999729
54.5200000000000	84.7119782452631
54.5600000000000	84.8444742249617
54.6000000000000	84.9766897624042
54.6400000000000	85.1085950268959
54.6800000000000	85.2402189305113
54.7200000000000	85.3715775513951
54.7600000000000	85.5026775841613
54.8000000000000	85.6335219720545
54.8400000000000	85.7641121566547
54.8800000000000	85.8944489775617
54.9200000000000	86.0245330325597
54.9600000000000	86.1543648219405
55	86.2839448063898
55.0400000000000	86.4132734302292
55.0800000000000	86.5423511307553
55.1200000000000	86.6711783419993
55.1600000000000	86.7997554962415
55.2000000000000	86.9280830246234
55.2400000000000	87.0561613573969
55.2800000000000	87.1839909240264
55.3200000000000	87.3115768968829
55.3600000000000	87.4389630347014
55.4000000000000	87.5661577051089
55.4400000000000	87.6931586738286
55.4800000000000	87.8199651378514
55.5200000000000	87.9299437952166
55.5539897040395	87.9459002505830
55.5600000000000	87.9460267531891
55.5900514798027	87.9410913526062
55.6000000000000	87.9380790114871
55.6400000000000	87.9219747749896
55.6800000000000	87.9019084578109
55.7200000000000	87.8795817267085
55.7600000000000	87.8558539416923
55.8000000000000	87.8312152879563
55.8400000000000	87.8059675807654
55.8800000000000	87.7803063424325
55.9200000000000	87.7543627386905
55.9600000000000	87.7282269416838
56	87.7019620261372
56.0400000000000	87.6756126610082
56.0800000000000	87.6492107607006
56.1200000000000	87.6227792704027
56.1600000000000	87.5963347597832
56.2000000000000	87.5698892309162
56.2400000000000	87.5434513947872
56.2800000000000	87.5170275812400
56.3200000000000	87.4906223922140
56.3600000000000	87.4642391731232
56.4000000000000	87.4378803542836
56.4400000000000	87.4115476988850
56.4800000000000	87.3852424834349
56.5200000000000	87.3589656292424
56.5600000000000	87.3327177983149
56.6000000000000	87.3064994633435
56.6400000000000	87.2803109587985
56.6800000000000	87.2541525182421
56.7200000000000	87.2280243015788
56.7600000000000	87.2019264149576
56.8000000000000	87.1758589253065
56.8400000000000	87.1498218709467
56.8800000000000	87.1238152693414
56.9200000000000	87.0978391227537
56.9600000000000	87.0718934223755
57	87.0459781513411
57.0400000000000	87.0200932869253
57.0800000000000	86.9942388021478
57.1200000000000	86.9684146669421
57.1600000000000	86.9426208490088
57.2000000000000	86.9168573144371
57.2400000000000	86.8911240281578
57.2800000000000	86.8654209542736
57.3200000000000	86.8397480562993
57.3600000000000	86.8141052973371
57.4000000000000	86.7884926402040
57.4400000000000	86.7629100475249
57.4800000000000	86.7373574817995
57.5200000000000	86.7118349054520
57.5600000000000	86.6863422808665
57.6000000000000	86.6608795704130
57.6400000000000	86.6354467364661
57.6800000000000	86.6100437414191
57.7200000000000	86.5846705476933
57.7600000000000	86.5593271177458
57.8000000000000	86.5340134140740
57.8400000000000	86.5087293992202
57.8800000000000	86.4834750357734
57.9200000000000	86.4582502863717
57.9600000000000	86.4330551137039
58	86.4078894805100
58.0400000000000	86.3827533495818
58.0800000000000	86.3576466837641
58.1200000000000	86.3325694459543
58.1600000000000	86.3075215991028
58.2000000000000	86.2825031062133
58.2400000000000	86.2575139303426
58.2800000000000	86.2325540346008
58.3200000000000	86.2076233821513
58.3600000000000	86.1827219362105
58.4000000000000	86.1578496600481
58.4400000000000	86.1330065169868
58.4800000000000	86.1081924704024
58.5200000000000	86.0834074837236
58.5600000000000	86.0586515204320
58.6000000000000	86.0339245440617
58.6400000000000	86.0092265181999
58.6800000000000	85.9845574064861
58.7200000000000	85.9599171726123
58.7600000000000	85.9353057803232
58.8000000000000	85.9107231934156
58.8400000000000	85.8861693757384
58.8800000000000	85.8616442911931
58.9200000000000	85.8371479037328
58.9600000000000	85.8126801773627
59	85.7882410761402
59.0400000000000	85.7638305641739
59.0800000000000	85.7394486056247
59.1200000000000	85.7150951647047
59.1600000000000	85.6907702056776
59.2000000000000	85.6664736928586
59.2400000000000	85.6422055906143
59.2800000000000	85.6179658633624
59.3200000000000	85.5937544755718
59.3600000000000	85.5695713917626
59.4000000000000	85.5454165765058
59.4400000000000	85.5212899944231
59.4800000000000	85.4971916101875
59.5200000000000	85.4731213885221
59.5600000000000	85.4490792942012
59.6000000000000	85.4250652920493
59.6400000000000	85.4010793469415
59.6800000000000	85.3771214238032
59.7200000000000	85.3531914876101
59.7600000000000	85.3292895033881
59.8000000000000	85.3054154362133
59.8400000000000	85.2815692512117
59.8800000000000	85.2577509135593
59.9200000000000	85.2339603884820
59.9600000000000	85.2101976412553
60	85.1864626372046
60.0400000000000	85.1627553417047
60.0800000000000	85.1390757201800
60.1200000000000	85.1154237381044
60.1600000000000	85.0917993610010
60.2000000000000	85.0682025544423
60.2400000000000	85.0446332840498
60.2800000000000	85.0210915154942
60.3200000000000	84.9975772144952
60.3600000000000	84.9740903468214
60.4000000000000	84.9506308782902
60.4400000000000	84.9271987747677
60.4800000000000	84.9037940021690
60.5200000000000	84.8804165264573
60.5600000000000	84.8570663136447
60.6000000000000	84.8337433297914
60.6400000000000	84.8104475410061
60.6800000000000	84.7871789134459
60.7200000000000	84.7639374133157
60.7600000000000	84.7407230068689
60.8000000000000	84.7175356604066
60.8400000000000	84.6943753402779
60.8800000000000	84.6712420128798
60.9200000000000	84.6481356446570
60.9600000000000	84.6250562021019
61	84.6020036517545
61.0400000000000	84.5789779602025
61.0800000000000	84.5559790940805
61.1200000000000	84.5330070200711
61.1600000000000	84.5100617049038
61.2000000000000	84.4871431153554
61.2400000000000	84.4642512182497
61.2800000000000	84.4413859804576
61.3200000000000	84.4185473688972
61.3600000000000	84.3957353505330
61.4000000000000	84.3729498923766
61.4400000000000	84.3501909614863
61.4800000000000	84.3274585249669
61.5200000000000	84.3047525499700
61.5600000000000	84.2820730036934
61.6000000000000	84.2594198533815
61.6400000000000	84.2367930663249
61.6800000000000	84.2141926098605
61.7200000000000	84.1916184513712
61.7600000000000	84.1690705582864
61.8000000000000	84.1465488980810
61.8400000000000	84.1240534382762
61.8800000000000	84.1015841464388
61.9200000000000	84.0791409901817
61.9600000000000	84.0567239371630
62	84.0343329550870
62.0400000000000	84.0135795389292
62.0800000000000	83.9954180278051
62.1200000000000	83.9798489136267
62.1600000000000	83.9668306827488
62.2000000000000	83.9562968354180
62.2400000000000	83.9481718395515
62.2800000000000	83.9423828924210
62.3200000000000	83.9388666106873
62.3600000000000	83.9375714330671
62.4000000000000	83.9384572117404
62.4400000000000	83.9414934093328
62.4800000000000	83.9466569113368
62.5200000000000	83.9539300176693
62.5600000000000	83.9632988388400
62.6000000000000	83.9747401370648
62.6400000000000	83.9881201641482
62.6800000000000	84.0033248091111
62.7200000000000	84.0203013570178
62.7600000000000	84.0390233765408
62.8000000000000	84.0594753358481
62.8400000000000	84.0816461469889
62.8800000000000	84.1055265665997
62.9200000000000	84.1311081790679
62.9600000000000	84.1583830011493
63	84.1873433219358
63.0400000000000	84.2179816299770
63.0800000000000	84.2502905729253
63.1200000000000	84.2842629301757
63.1600000000000	84.3198915915904
63.2000000000000	84.3571695397689
63.2400000000000	84.3960898348190
63.2800000000000	84.4366495187081
63.3200000000000	84.4789089088384
63.3600000000000	84.5229999871588
63.4000000000000	84.5687073671864
63.4400000000000	84.6161441763044
63.4800000000000	84.6654129428304
63.5200000000000	84.7165457954732
63.5600000000000	84.7695516618932
63.6000000000000	84.8244320072094
63.6400000000000	84.8811859562226
63.6800000000000	84.9398119157306
63.7200000000000	85.0003080738863
63.7600000000000	85.0626725492942
63.8000000000000	85.1269034339678
63.8400000000000	85.1929988050774
63.8800000000000	85.2608981307260
63.9200000000000	85.3305794624158
63.9600000000000	85.4020903166803
64	85.4754426267041
64.0400000000000	85.5504832695422
64.0800000000000	85.6267046062898
64.1200000000000	85.7039018621220
64.1600000000000	85.7820226220239
64.2000000000000	85.8610530530468
64.2400000000000	85.9409889725304
64.2800000000000	86.0218170430139
64.3200000000000	86.1035239427584
64.3600000000000	86.1861422263137
64.4000000000000	86.2696827185995
64.4400000000000	86.3541477822283
64.4800000000000	86.4395373373078
64.5200000000000	86.5258506006686
64.5600000000000	86.6130865843326
64.6000000000000	86.7012442372552
64.6400000000000	86.7903224853575
64.6800000000000	86.8803202427959
64.7200000000000	86.9712367281959
64.7600000000000	87.0630222821396
64.8000000000000	87.1555724734616
64.8400000000000	87.2488528221032
64.8800000000000	87.3428569371429
64.9200000000000	87.4375858304715
64.9600000000000	87.5330424702386
65	87.6292303535593
65.0400000000000	87.7261500354602
65.0800000000000	87.8237338180004
65.1200000000000	87.9220059759901
65.1600000000000	88.0209951634035
65.2000000000000	88.1207144687169
65.2400000000000	88.2211713546422
65.2800000000000	88.3223712663555
65.3200000000000	88.4243189391096
65.3600000000000	88.5270188712004
65.4000000000000	88.6304754947521
65.4400000000000	88.7346925027448
65.4800000000000	88.8396283765142
65.5200000000000	88.9452053697357
65.5600000000000	89.0513931119327
65.6000000000000	89.1581821762987
65.6400000000000	89.2655705513852
65.6800000000000	89.3735588486007
65.7200000000000	89.4821486092261
65.7600000000000	89.5913417078049
65.8000000000000	89.7011401423921
65.8400000000000	89.8115459610003
65.8800000000000	89.9225612358902
65.9200000000000	90.0341880546315
65.9600000000000	90.1464285170299
66	90.2592847341014
66.0400000000000	90.3727588277602
66.0800000000000	90.4868529307533
66.1200000000000	90.6015692499729
66.1600000000000	90.7169023432062
66.2000000000000	90.8326798241074
66.2400000000000	90.9486872142202
66.2800000000000	91.0648494538204
66.3200000000000	91.1811446232057
66.3600000000000	91.2975643736050
66.4000000000000	91.4141060420368
66.4400000000000	91.5307693663891
66.4800000000000	91.6475549649213
66.5200000000000	91.7644639361787
66.5600000000000	91.8814974827161
66.6000000000000	91.9986568444238
66.6400000000000	92.1159432758391
66.6800000000000	92.2333580384314
66.7200000000000	92.3509023979895
66.7600000000000	92.4685776237479
66.8000000000000	92.5863849881049
66.8400000000000	92.7043257665451
66.8800000000000	92.8223999981742
66.9200000000000	92.9405924454667
66.9600000000000	93.0588879571039
67	93.1772809091367
67.0400000000000	93.2957692266112
67.0800000000000	93.4143520511336
67.1200000000000	93.5330289412512
67.1600000000000	93.6517995983539
67.2000000000000	93.7706637727221
67.2400000000000	93.8896212313242
67.2800000000000	94.0086717467801
67.3200000000000	94.1278150935782
67.3600000000000	94.2470510467801
67.4000000000000	94.3663793815771
67.4400000000000	94.4857998731385
67.4800000000000	94.6053122965603
67.5200000000000	94.7249164268484
67.5600000000000	94.8446120389131
67.6000000000000	94.9643989075681
67.6400000000000	95.0842768075305
67.6800000000000	95.2042455134215
67.7200000000000	95.3243047997672
67.7600000000000	95.4444544409996
67.8000000000000	95.5646942114571
67.8400000000000	95.6850238853860
67.8800000000000	95.8054432369405
67.9200000000000	95.9259520401848
67.9600000000000	96.0465500690929
67.9843897673505	96.1201277080917
67.9962236687995	96.1558394442583
68	96.1672370974088
68.0038627821341	96.1775674453373
68.0202745759128	96.2022671699429
68.0400000000000	96.2096512032483
68.0800000000000	96.2006358264876
68.1200000000000	96.1793532596173
68.1600000000000	96.1525729256835
68.2000000000000	96.1227436764106
68.2400000000000	96.0910146538981
68.2800000000000	96.0580260219026
68.3200000000000	96.0241708458456
68.3600000000000	95.9897056933100
68.4000000000000	95.9548054492584
68.4400000000000	95.9195931400826
68.4800000000000	95.8841573566319
68.5200000000000	95.8485630188389
68.5600000000000	95.8128583322280
68.6000000000000	95.7770794502453
68.6400000000000	95.7412536929326
68.6800000000000	95.7054018230371
68.7200000000000	95.6695396871708
68.7600000000000	95.6336794177770
68.8000000000000	95.5978303244866
68.8400000000000	95.5619995617050
68.8800000000000	95.5261926325205
68.9200000000000	95.4904137713963
68.9600000000000	95.4546662361912
69	95.4189525318128
69.0400000000000	95.3832745819958
69.0800000000000	95.3476338615217
69.1200000000000	95.3120314981561
69.1600000000000	95.2764683513347
69.2000000000000	95.2409450729575
69.2400000000000	95.2054621543873
69.2800000000000	95.1700199628014
69.3200000000000	95.1346187693165
69.3600000000000	95.0992587707514
69.4000000000000	95.0639401064694
69.4400000000000	95.0286628714127
69.4800000000000	94.9934271261891
69.5200000000000	94.9582329048771
69.5600000000000	94.9230802210652
69.6000000000000	94.8879690725238
69.6400000000000	94.8528994448185
69.6800000000000	94.8178713141053
69.7200000000000	94.7828846492912
69.7600000000000	94.7479394137043
69.8000000000000	94.7130355663854
69.8400000000000	94.6781730630853
69.8800000000000	94.6433518570355
69.9200000000000	94.6085718995438
69.9600000000000	94.5738331404536
70	94.5391355284991
70.0400000000000	94.5044790115790
70.0800000000000	94.4698635369677
70.1200000000000	94.4352890514789
70.1600000000000	94.4007555015907
70.2000000000000	94.3662628335427
70.2400000000000	94.3318109934109
70.2800000000000	94.2973999271650
70.3200000000000	94.2630295807129
70.3600000000000	94.2286998999347
70.4000000000000	94.1944108307087
70.4400000000000	94.1601623189322
70.4800000000000	94.1259543105362
70.5200000000000	94.0917867514980
70.5600000000000	94.0576595878498
70.6000000000000	94.0235727656859
70.6400000000000	93.9895262311679
70.6800000000000	93.9555199305290
70.7200000000000	93.9215538100768
70.7600000000000	93.8876278161957
70.8000000000000	93.8537418953490
70.8400000000000	93.8198959940794
70.8800000000000	93.7860900590109
70.9200000000000	93.7523240368489
70.9600000000000	93.7185978743810
71	93.6849115184770
71.0400000000000	93.6512649160895
71.0800000000000	93.6176580142540
71.1200000000000	93.5840907600886
71.1600000000000	93.5505631007945
71.2000000000000	93.5170749836556
71.2400000000000	93.4836263560388
71.2800000000000	93.4502171653934
71.3200000000000	93.4168473592516
71.3600000000000	93.3835168852279
71.4000000000000	93.3502256910191
71.4400000000000	93.3169737244045
71.4800000000000	93.2837609332454
71.5200000000000	93.2505872654848
71.5600000000000	93.2174526691477
71.6000000000000	93.1843570923409
71.6400000000000	93.1513004832525
71.6800000000000	93.1182827901518
71.7200000000000	93.0853039613896
71.7600000000000	93.0523639453976
71.8000000000000	93.0194626906884
71.8400000000000	92.9866001458552
71.8800000000000	92.9537762595719
71.9200000000000	92.9209909805928
71.9600000000000	92.8882442577525
72	92.8555360399655
72.0400000000000	92.8228662762265
72.0800000000000	92.7902349156098
72.1200000000000	92.7576419072695
72.1600000000000	92.7250872004390
72.2000000000000	92.6925707444311
72.2400000000000	92.6600924886380
72.2800000000000	92.6276523825305
72.3200000000000	92.5952503756586
72.3600000000000	92.5628864176509
72.4000000000000	92.5305604582146
72.4400000000000	92.4982724471353
72.4800000000000	92.4660223342767
72.5200000000000	92.4338100695810
72.5600000000000	92.4016356030680
72.6000000000000	92.3694988848354
72.6400000000000	92.3373998650588
72.6800000000000	92.3053384939909
72.7200000000000	92.2733147219620
72.7600000000000	92.2413284993797
72.8000000000000	92.2093797767285
72.8400000000000	92.1774685045698
72.8800000000000	92.1455946335420
72.9200000000000	92.1137581143599
72.9600000000000	92.0819588978147
73	92.0501969347743
73.0400000000000	92.0184721761824
73.0800000000000	91.9867845730589
73.1200000000000	91.9551340764996
73.1600000000000	91.9235206376761
73.2000000000000	91.8919442078354
73.2400000000000	91.8604047383001
73.2800000000000	91.8289021804682
73.3200000000000	91.7974364858126
73.3600000000000	91.7660076058816
73.4000000000000	91.7346154922980
73.4400000000000	91.7032600967596
73.4800000000000	91.6719413710386
73.5200000000000	91.6406592669819
73.5600000000000	91.6094137365105
73.6000000000000	91.5782047316196
73.6400000000000	91.5470322043785
73.6800000000000	91.5158961069304
73.7200000000000	91.4847963914922
73.7600000000000	91.4537330103545
73.8000000000000	91.4227059158811
73.8400000000000	91.3917150605095
73.8800000000000	91.3607603967501
73.9200000000000	91.3298418771865
73.9600000000000	91.2989594544752
74	91.2681130813455
74.0400000000000	91.2373027105992
74.0800000000000	91.2065282951106
74.1200000000000	91.1757897878267
74.1600000000000	91.1450871417664
74.2000000000000	91.1144203100206
74.2400000000000	91.0837892457525
74.2800000000000	91.0531939021970
74.3200000000000	91.0226342326604
74.3600000000000	90.9921101905209
74.4000000000000	90.9616217292280
74.4400000000000	90.9311688023025
74.4800000000000	90.9007513633363
74.5200000000000	90.8703693659922
74.5600000000000	90.8400227640041
74.6000000000000	90.8097115111764
74.6400000000000	90.7794355613845
74.6800000000000	90.7491948685738
74.7200000000000	90.7189893867604
74.7600000000000	90.6888190700304
74.8000000000000	90.6586838725402
74.8400000000000	90.6285837485159
74.8800000000000	90.5985186522535
74.9200000000000	90.5684885381188
74.9600000000000	90.5384933605471
75	90.5085330740431
75.0400000000000	90.4786076331807
75.0800000000000	90.4487169926033
75.1200000000000	90.4188611070229
75.1600000000000	90.3890399312207
75.2000000000000	90.3592534200466
75.2400000000000	90.3295015284193
75.2800000000000	90.2997842113256
75.3200000000000	90.2701014238213
75.3600000000000	90.2404531210299
75.4000000000000	90.2108392581435
75.4400000000000	90.1812597904219
75.4800000000000	90.1517146731928
75.5200000000000	90.1222038618520
75.5600000000000	90.0927273118626
75.6000000000000	90.0632849787553
75.6400000000000	90.0338768181282
75.6800000000000	90.0045027856466
75.7200000000000	89.9751628370432
75.7600000000000	89.9458569281173
75.8000000000000	89.9165850147355
75.8400000000000	89.8873470528307
75.8800000000000	89.8581429984030
75.9200000000000	89.8289728075185
75.9600000000000	89.7998364363100
76	89.7707338409764
76.0400000000000	89.7416649777830
76.0800000000000	89.7126298030609
76.1200000000000	89.6836282732070
76.1600000000000	89.6546603446844
76.2000000000000	89.6257259740214
76.2400000000000	89.5968251178122
76.2800000000000	89.5679577327163
76.3200000000000	89.5391237754582
76.3600000000000	89.5103232028281
76.4000000000000	89.4815559716810
76.4400000000000	89.4528220389367
76.4800000000000	89.4241213615800
76.5200000000000	89.3954538966605
76.5600000000000	89.3668196012920
76.6000000000000	89.3382184326533
76.6400000000000	89.3096503479870
76.6800000000000	89.2811153046003
76.7200000000000	89.2526132598645
76.7600000000000	89.2241441712145
76.8000000000000	89.1957079961495
76.8400000000000	89.1673046922324
76.8800000000000	89.1389342170895
76.9200000000000	89.1105965284109
76.9600000000000	89.0822915839499
77	89.0540193415232
77.0400000000000	89.0257797590106
77.0800000000000	88.9975727943551
77.1200000000000	88.9693984055624
77.1600000000000	88.9412565507014
77.1916096595727	88.9190406751084
77.2000000000000	88.9131471879033
77.2091550945111	88.9071713751390
77.2400000000000	88.8931384527115
77.2800000000000	88.8899810544948
77.3200000000000	88.9003442631232
77.3600000000000	88.9180891560182
77.4000000000000	88.9391645560136
77.4400000000000	88.9618471669029
77.4800000000000	88.9855301518187
77.5200000000000	89.0100148358401
77.5600000000000	89.0352382336512
77.6000000000000	89.0611807756579
77.6400000000000	89.0878364931056
77.6800000000000	89.1152036080702
77.7200000000000	89.1432817642814
77.7600000000000	89.1720716457754
77.8000000000000	89.2015733732598
77.8400000000000	89.2317869429833
77.8800000000000	89.2627123544681
77.9200000000000	89.2943496034966
77.9600000000000	89.3266986803433
78	89.3597595695091
78.0400000000000	89.3935322498758
78.0800000000000	89.4280166949700
78.1200000000000	89.4632128045048
78.1600000000000	89.4991391163650
78.2000000000000	89.5358360100448
78.2400000000000	89.5733170257993
78.2800000000000	89.6115849202716
78.3200000000000	89.6506397438962
78.3600000000000	89.6904808747107
78.4000000000000	89.7311075231749
78.4400000000000	89.7725188557314
78.4800000000000	89.8147140246786
78.5200000000000	89.8576921753530
78.5600000000000	89.9014524478912
78.6000000000000	89.9459939777155
78.6400000000000	89.9913158957203
78.6800000000000	90.0374173283883
78.7200000000000	90.0842973978887
78.7600000000000	90.1319552221693
78.8000000000000	90.1803899150447
78.8400000000000	90.2296005862831
78.8800000000000	90.2795863416894
78.9200000000000	90.3303462831862
78.9600000000000	90.3818795088932
79	90.4341616760733
79.0400000000000	90.4871093846906
79.0800000000000	90.5407741167727
79.1200000000000	90.5951825394118
79.1600000000000	90.6503420146485
79.2000000000000	90.7062541367717
79.2400000000000	90.7629187903005
79.2800000000000	90.8203353557173
79.3200000000000	90.8785030644124
79.3600000000000	90.9374211022176
79.4000000000000	90.9970886393540
79.4400000000000	91.0575048390434
79.4800000000000	91.1186688599947
79.5200000000000	91.1805798571440
79.5600000000000	91.2432369819041
79.6000000000000	91.3066393822737
79.6400000000000	91.3707862029089
79.6800000000000	91.4356765851813
79.7200000000000	91.5013096672331
79.7600000000000	91.5676845840295
79.8000000000000	91.6347869081156
79.8400000000000	91.7024386914700
79.8800000000000	91.7704858881599
79.9200000000000	91.8388874909361
79.9600000000000	91.9076330073775
80	91.9767195045097
80.0400000000000	92.0461459142940
80.0800000000000	92.1159116268248
80.1200000000000	92.1860161440987
80.1600000000000	92.2564589951170
80.2000000000000	92.3272397151465
80.2400000000000	92.3983578406736
80.2800000000000	92.4698129081823
80.3200000000000	92.5416044538620
80.3600000000000	92.6137320135390
80.4000000000000	92.6861951226628
80.4400000000000	92.7589933163052
80.4800000000000	92.8321261291622
80.5200000000000	92.9055930955572
80.5600000000000	92.9793937494436
80.6000000000000	93.0535276244080
80.6400000000000	93.1279942536731
80.6800000000000	93.2027931701005
80.7200000000000	93.2779239061935
80.7600000000000	93.3533859941002
80.8000000000000	93.4291789656160
80.8400000000000	93.5053023521865
80.8800000000000	93.5817556849101
80.9200000000000	93.6585384945405
80.9600000000000	93.7356503114897
81	93.8130906658304
81.0400000000000	93.8908590872985
81.0800000000000	93.9689551052957
81.1200000000000	94.0473782488919
81.1600000000000	94.1261280468277
81.2000000000000	94.2052040275170
81.2400000000000	94.2846057190489
81.2800000000000	94.3643326491908
81.3200000000000	94.4443920157841
81.3600000000000	94.5248058834433
81.4000000000000	94.6055832753843
81.4400000000000	94.6867275806494
81.4800000000000	94.7682317537010
81.5200000000000	94.8500651458571
81.5600000000000	94.9322143741624
81.6000000000000	95.0146751985680
81.6400000000000	95.0974453432614
81.6800000000000	95.1805229722949
81.7200000000000	95.2639063471407
81.7600000000000	95.3475937500419
81.8000000000000	95.4315834669274
81.8400000000000	95.5158737836286
81.8800000000000	95.6004629850572
81.9200000000000	95.6853493550407
81.9600000000000	95.7705311763024
82	95.8560067304749
82.0400000000000	95.9417742981214
82.0800000000000	96.0278321587578
82.1200000000000	96.1141785908774
82.1600000000000	96.2008118719747
82.2000000000000	96.2877302785709
82.2400000000000	96.3749320862389
82.2800000000000	96.4624155696295
82.3200000000000	96.5501790024978
82.3600000000000	96.6382206577303
82.4000000000000	96.7265388073721
82.4400000000000	96.8151317226547
82.4800000000000	96.9039976740245
82.5200000000000	96.9931349311711
82.5600000000000	97.0825417630571
82.6000000000000	97.1722164379466
82.6400000000000	97.2621572234361
82.6800000000000	97.3523623864842
82.7200000000000	97.4428301934425
82.7600000000000	97.5335589100865
82.8000000000000	97.6245468016470
82.8400000000000	97.7157921328420
82.8800000000000	97.8072920419963
82.9200000000000	97.8990428947389
82.9600000000000	97.9910450639179
83	98.0832974468234
83.0400000000000	98.1757980772048
83.0800000000000	98.2685448778412
83.1200000000000	98.3615358488941
83.1600000000000	98.4547631489815
83.2000000000000	98.5482189178438
83.2400000000000	98.6419020038423
83.2800000000000	98.7358130533927
83.3200000000000	98.8299531350930
83.3600000000000	98.9243234191880
83.4000000000000	99.0189251029627
83.4400000000000	99.1137593934042
83.4800000000000	99.2088275031910
83.5200000000000	99.3041306497805
83.5600000000000	99.3996700552167
83.6000000000000	99.4954469461058
83.6400000000000	99.5914625536297
83.6800000000000	99.6877181135697
83.7200000000000	99.7842148663315
83.7600000000000	99.8809540569713
83.8000000000000	99.9779369352218
83.8400000000000	100.075164755519
83.8800000000000	100.172638777027
83.9200000000000	100.270360263667
83.9600000000000	100.368330484141
84	100.466550711962
84.0400000000000	100.565022225477
84.0800000000000	100.663746307897
84.1200000000000	100.762724247321
84.1600000000000	100.861957336768
84.2000000000000	100.961446874197
84.2400000000000	101.061194162541
84.2800000000000	101.161200509732
84.3200000000000	101.261467228727
84.3600000000000	101.361995637540
84.4000000000000	101.462787059262
84.4400000000000	101.563842822099
84.4800000000000	101.665164259392
84.5200000000000	101.766752709647
84.5600000000000	101.868609516568
84.6000000000000	101.970736029078
84.6400000000000	102.073133601352
84.6800000000000	102.175803592845
84.7200000000000	102.278747368320
84.7600000000000	102.381966297878
84.8000000000000	102.485436008665
84.8400000000000	102.589017841876
84.8800000000000	102.692635883341
84.9200000000000	102.796275563097
84.9600000000000	102.899933947006
85	103.003610711722
85.0400000000000	103.107306120128
85.0800000000000	103.211020566773
85.1200000000000	103.314754475733
85.1600000000000	103.418508277638
85.2000000000000	103.522282404505
85.2400000000000	103.626071719610
85.2800000000000	103.729873439693
85.3200000000000	103.833695056576
85.3600000000000	103.937538129647
85.4000000000000	104.041403319444
85.4400000000000	104.145291111258
85.4800000000000	104.249201956104
85.5200000000000	104.353136298212
85.5600000000000	104.457094580385
85.5846876255184	104.521268799738
85.5964887438468	104.551948514211
85.6000000000000	104.561077246042
85.6036968765959	104.569369116936
85.6221812595752	104.588240655889
85.6400000000000	104.589649062919
85.6800000000000	104.571926036266
85.7200000000000	104.541877278974
85.7600000000000	104.506073494418
85.8000000000000	104.466996877730
85.8400000000000	104.425860079078
85.8800000000000	104.383346098862
85.9200000000000	104.339876146945
85.9600000000000	104.295726716069
86	104.251087651140
86.0400000000000	104.206093724465
86.0800000000000	104.160843055156
86.1200000000000	104.115408469545
86.1600000000000	104.069844831810
86.2000000000000	104.024193953724
86.2400000000000	103.978487986328
86.2800000000000	103.932751670945
86.3200000000000	103.887003263567
86.3600000000000	103.841256780806
86.4000000000000	103.795523404266
86.4400000000000	103.749812073446
86.4800000000000	103.704129946597
86.5200000000000	103.658482761615
86.5600000000000	103.612875120467
86.6000000000000	103.567310714520
86.6400000000000	103.521792503812
86.6800000000000	103.476322860176
86.7200000000000	103.430903681813
86.7600000000000	103.385536485218
86.8000000000000	103.340222479067
86.8400000000000	103.294962623678
86.8800000000000	103.249757678928
86.9200000000000	103.204608242884
86.9600000000000	103.159514782982
87	103.114477661188
87.0400000000000	103.069497154322
87.0800000000000	103.024573470471
87.1200000000000	102.979706762250
87.1600000000000	102.934897137510
87.2000000000000	102.890144667991
87.2400000000000	102.845449396316
87.2800000000000	102.800811341631
87.3200000000000	102.756230504168
87.3600000000000	102.711706868927
87.4000000000000	102.667240408648
87.4400000000000	102.622831086211
87.4800000000000	102.578478856572
87.5200000000000	102.534183668328
87.5600000000000	102.489945464976
87.6000000000000	102.445764185930
87.6400000000000	102.401639767341
87.6800000000000	102.357572142761
87.7200000000000	102.313561243669
87.7600000000000	102.269606999908
87.8000000000000	102.225709340024
87.8400000000000	102.181868191551
87.8800000000000	102.138083481229
87.9200000000000	102.094355135190
87.9600000000000	102.050683079098
88	102.007067238269
88.0400000000000	101.963507537766
88.0800000000000	101.920003902470
88.1200000000000	101.876556257145
88.1600000000000	101.833164526485
88.2000000000000	101.789828635151
88.2400000000000	101.746548507807
88.2800000000000	101.703324069141
88.3200000000000	101.660155243887
88.3600000000000	101.617041956839
88.4000000000000	101.573984132868
88.4400000000000	101.530981696929
88.4800000000000	101.488034574069
88.5200000000000	101.445142689435
88.5600000000000	101.402305968280
88.6000000000000	101.359524335964
88.6400000000000	101.316797717958
88.6800000000000	101.274126039851
88.7200000000000	101.231509227346
88.7600000000000	101.188947206263
88.8000000000000	101.146439902543
88.8400000000000	101.103987242247
88.8800000000000	101.061589151556
88.9200000000000	101.019245556771
88.9600000000000	100.976956384316
89	100.934721560737
89.0400000000000	100.892541012700
89.0800000000000	100.850414666994
89.1200000000000	100.808342450529
89.1600000000000	100.766324290336
89.2000000000000	100.724360113570
89.2400000000000	100.682449847505
89.2800000000000	100.640593419536
89.3200000000000	100.598790757181
89.3600000000000	100.557041788078
89.4000000000000	100.515346439984
89.4400000000000	100.473704640779
89.4800000000000	100.432116318460
89.5200000000000	100.390581401147
89.5600000000000	100.349099817078
89.6000000000000	100.307671494610
89.6400000000000	100.266296362221
89.6800000000000	100.224974348504
89.7200000000000	100.183705382176
89.7600000000000	100.142489392067
89.8000000000000	100.101326307130
89.8400000000000	100.060216056431
89.8800000000000	100.019158569159
89.9200000000000	99.9781537746150
89.9600000000000	99.9372016022205
90	99.8963019815129
90.0400000000000	99.8554548421459
90.0800000000000	99.8146601138898
90.1200000000000	99.7739177266309
90.1600000000000	99.7332276103714
90.2000000000000	99.6925896952290
90.2400000000000	99.6520039114366
90.2800000000000	99.6114701893423
90.3200000000000	99.5709884594091
90.3600000000000	99.5305586522143
90.4000000000000	99.4901806984498
90.4400000000000	99.4498545289212
90.4800000000000	99.4095800745483
90.5200000000000	99.3712534614537
90.5547865074102	99.3799826240847
90.5600000000000	99.3870382289579
90.5860674629490	99.4370373381033
90.6000000000000	99.4694609511643
90.6400000000000	99.5709735843159
90.6800000000000	99.6765045878232
90.7200000000000	99.7828697666246
90.7600000000000	99.8893291054989
90.8000000000000	99.9957250252144
90.8400000000000	100.102023833454
90.8800000000000	100.208218310237
90.9200000000000	100.314306906922
90.9600000000000	100.420289292398
91	100.526165397578
91.0400000000000	100.631935210060
91.0800000000000	100.737598729910
91.1200000000000	100.843155960127
91.1600000000000	100.948606904587
91.2000000000000	101.053951567594
91.2400000000000	101.159189953782
91.2800000000000	101.264322068096
91.3200000000000	101.369347915783
91.3600000000000	101.474267502395
91.4000000000000	101.579080833785
91.4400000000000	101.683787916106
91.4800000000000	101.788388755813
91.5200000000000	101.892883359660
91.5600000000000	101.997271734701
91.6000000000000	102.101553888288
91.6400000000000	102.205729828071
91.6800000000000	102.309799561997
91.7200000000000	102.413763098311
91.7600000000000	102.517620445552
91.8000000000000	102.621371612557
91.8400000000000	102.725016608455
91.8800000000000	102.828555442672
91.9200000000000	102.931988124926
91.9600000000000	103.035314665226
92	103.138535073878
92.0400000000000	103.241649133879
92.0800000000000	103.344639609628
92.1200000000000	103.447517036921
92.1600000000000	103.550286486095
92.2000000000000	103.652948957149
92.2400000000000	103.755504656484
92.2800000000000	103.857953635739
92.3200000000000	103.960295916514
92.3600000000000	104.062531514751
92.4000000000000	104.164660445511
92.4400000000000	104.266682723915
92.4800000000000	104.368598365319
92.5200000000000	104.452307988000
92.5600000000000	104.448294330974
92.6000000000000	104.423470620925
92.6400000000000	104.390499183903
92.6800000000000	104.353262624398
92.7200000000000	104.313462353167
92.7600000000000	104.271997440395
92.8000000000000	104.229399469612
92.8400000000000	104.186007097491
92.8800000000000	104.142047711849
92.9200000000000	104.097679958740
92.9600000000000	104.053017739693
93	104.008144626333
93.0400000000000	103.963122964041
93.0800000000000	103.917999861744
93.1200000000000	103.872811268410
93.1600000000000	103.827584826252
93.2000000000000	103.782341914701
93.2400000000000	103.737099143045
93.2800000000000	103.691869457845
93.3200000000000	103.646662745698
93.3600000000000	103.601486180870
93.4000000000000	103.556345356126
93.4400000000000	103.511244734202
93.4800000000000	103.466187876120
93.5200000000000	103.421177622108
93.5600000000000	103.376216235439
93.6000000000000	103.331305517087
93.6400000000000	103.286446897295
93.6800000000000	103.241641508849
93.7200000000000	103.196890245756
93.7600000000000	103.152193810307
93.8000000000000	103.107552750831
93.8400000000000	103.062967492008
93.8800000000000	103.018438359222
93.9200000000000	102.973965598112
93.9600000000000	102.929549390295
94	102.885189865991
94.0400000000000	102.840887114171
94.0800000000000	102.796641190715
94.1200000000000	102.752452124961
94.1600000000000	102.708319924971
94.2000000000000	102.664244581759
94.2400000000000	102.620226072686
94.2800000000000	102.576264364189
94.3200000000000	102.532359413970
94.3600000000000	102.488511172753
94.4000000000000	102.444719585696
94.4400000000000	102.400984593520
94.4800000000000	102.357306133417
94.5200000000000	102.313684139783
94.5600000000000	102.270118544794
94.6000000000000	102.226609278879
94.6400000000000	102.183156271093
94.6800000000000	102.139759449418
94.7200000000000	102.096418741003
94.7600000000000	102.053134072355
94.8000000000000	102.009905369498
94.8400000000000	101.966732558089
94.8800000000000	101.923615563523
94.9200000000000	101.880554311009
94.9600000000000	101.837548725634
95	101.794598732412
95.0400000000000	101.751704256324
95.0800000000000	101.708865222352
95.1200000000000	101.666081555503
95.1600000000000	101.623353180831
95.2000000000000	101.580680023451
95.2400000000000	101.538062008553
95.2800000000000	101.495499061412
95.3200000000000	101.452991107396
95.3600000000000	101.410538071974
95.4000000000000	101.368139880719
95.4400000000000	101.325796459313
95.4800000000000	101.283507733547
95.5200000000000	101.241273629331
95.5600000000000	101.199094072689
95.6000000000000	101.156968989760
95.6400000000000	101.114898306805
95.6800000000000	101.072881950204
95.7200000000000	101.030919846456
95.7600000000000	100.989011922181
95.8000000000000	100.947158104119
95.8400000000000	100.905358319132
95.8800000000000	100.863612494203
95.9200000000000	100.821920556434
95.9600000000000	100.780282433051
96	100.738698051399
96.0400000000000	100.697167338944
96.0800000000000	100.655690223271
96.1200000000000	100.614266632089
96.1600000000000	100.572896493225
96.2000000000000	100.531579734624
96.2400000000000	100.490316284355
96.2800000000000	100.449106070603
96.3200000000000	100.407949021674
96.3600000000000	100.366845065993
96.4000000000000	100.325794132103
96.4400000000000	100.284796148666
96.4800000000000	100.243851044463
96.5200000000000	100.202958748391
96.5600000000000	100.162119189468
96.6000000000000	100.121332296826
96.6400000000000	100.080597999718
96.6800000000000	100.039916227509
96.7200000000000	99.9992869096871
96.7600000000000	99.9587099758518
96.8000000000000	99.9181853557212
96.8400000000000	99.8777129791290
96.8800000000000	99.8372927760247
96.9200000000000	99.7969246764734
96.9600000000000	99.7566086106552
97	99.7163445088657
97.0400000000000	99.6761323015148
97.0800000000000	99.6359719191273
97.1200000000000	99.5958632923420
97.1600000000000	99.5558063519121
97.2000000000000	99.5158010287041
97.2400000000000	99.4758472536985
97.2800000000000	99.4359449579889
97.3200000000000	99.3960940727819
97.3600000000000	99.3562945293971
97.4000000000000	99.3165462592665
97.4400000000000	99.2768491939345
97.4800000000000	99.2372032650575
97.5200000000000	99.1976084044040
97.5600000000000	99.1580645438538
97.6000000000000	99.1185716153982
97.6400000000000	99.0791295511397
97.6800000000000	99.0397382832915
97.7200000000000	99.0003977441776
97.7600000000000	98.9611078662323
97.8000000000000	98.9218685820003
97.8400000000000	98.8826798241359
97.8800000000000	98.8435415254035
97.9200000000000	98.8044536186765
97.9600000000000	98.7654160369380
98	98.7264287132798
98.0400000000000	98.6874915809027
98.0800000000000	98.6486045731157
98.1200000000000	98.6097676233365
98.1600000000000	98.5709806650906
98.2000000000000	98.5322436320115
98.2400000000000	98.4935564578402
98.2800000000000	98.4549190764252
98.3200000000000	98.4163314217221
98.3600000000000	98.3777934277936
98.4000000000000	98.3393050288087
98.4400000000000	98.3008661590433
98.4800000000000	98.2624767528793
98.5200000000000	98.2241367448049
98.5600000000000	98.1858460694138
98.6000000000000	98.1476046614055
98.6400000000000	98.1094124555847
98.6800000000000	98.0712693868614
98.7200000000000	98.0331753902504
98.7600000000000	97.9951304008713
98.8000000000000	97.9571343539481
98.8400000000000	97.9191871848090
98.8800000000000	97.8812888288864
98.9200000000000	97.8434392217163
98.9600000000000	97.8056382989386
99	97.7678859962962
99.0400000000000	97.7301822496356
99.0800000000000	97.6925269949059
99.1200000000000	97.6549201681591
99.1600000000000	97.6173617055497
99.2000000000000	97.5798515433344
99.2400000000000	97.5423896178722
99.2800000000000	97.5049758656237
99.3200000000000	97.4676102231514
99.3600000000000	97.4302926271192
99.4000000000000	97.3930230142921
99.4400000000000	97.3558013215364
99.4800000000000	97.3186274858190
99.5200000000000	97.2815014442074
99.5600000000000	97.2444231338696
99.6000000000000	97.2073924920739
99.6400000000000	97.1704094561883
99.6800000000000	97.1334739636807
99.7200000000000	97.0965859521187
99.7600000000000	97.0597453591692
99.8000000000000	97.0229521225980
99.8400000000000	96.9862061802703
99.8800000000000	96.9495074701497
99.9200000000000	96.9128559302985
99.9600000000000	96.8762514988773
100	96.8396941141448