0	0
3.15544362088405e-30	1.70073310424217e-29
2.66202079000041e-06	1.37190625465834e-05
1.59721247400025e-05	8.23092237619071e-05
8.25226444900128e-05	0.000425131276968438
0.000415275243240065	0.00213602709933515
0.00207903823699032	0.0106106888833431
0.0103978532057416	0.0510544171759170
0.0400000000000000	0.171928308406308
0.0800000000000000	0.290011777810686
0.120000000000000	0.370194953521605
0.160000000000000	0.434736297514111
0.200000000000000	0.498664849469071
0.240000000000000	0.562015921888644
0.280000000000000	0.624986599240686
0.320000000000000	0.687703189127516
0.360000000000000	0.750165534443865
0.400000000000000	0.812373487812446
0.440000000000000	0.874326911597851
0.480000000000000	0.936025677919141
0.520000000000000	0.997469668661126
0.560000000000000	1.05865877548434
0.600000000000000	1.11959269535735
0.640000000000000	1.18011775680036
0.680000000000000	1.24016482254479
0.720000000000000	1.29973732903030
0.760000000000000	1.35883869334875
0.800000000000000	1.41747231326719
0.840000000000000	1.47564156725237
0.880000000000000	1.53334981449687
0.920000000000000	1.59060039494665
0.960000000000000	1.64739662933010
1	1.70369239821593
1.04000000000000	1.75935369937336
1.08000000000000	1.81438613488588
1.12000000000000	1.86879995229449
1.16000000000000	1.92260515928072
1.20000000000000	1.97581153118142
1.24000000000000	2.02842861820840
1.28000000000000	2.08046575238690
1.32000000000000	2.13193205422590
1.36000000000000	2.18283643913281
1.40000000000000	2.23317872706728
1.44000000000000	2.28285159350817
1.48000000000000	2.33183105690319
1.52000000000000	2.38013125145551
1.56000000000000	2.42776589619003
1.60000000000000	2.47474831125193
1.64000000000000	2.52109143340497
1.68000000000000	2.56680783077645
1.72000000000000	2.61190971689267
1.76000000000000	2.65640896404586
1.80000000000000	2.70031711603051
1.84000000000000	2.74364540028491
1.88000000000000	2.78639663013707
1.92000000000000	2.82849961670915
1.96000000000000	2.86994577749065
2	2.91075129361877
2.04000000000000	2.95093175686268
2.08000000000000	2.99050219836533
2.12000000000000	3.02947711563460
2.16000000000000	3.06787049791151
2.20000000000000	3.10569585003168
2.24000000000000	3.14296621488742
2.28000000000000	3.17969419458811
2.32000000000000	3.21589197040938
2.36000000000000	3.25157132161378
2.40000000000000	3.28674364321933
2.44000000000000	3.32141996278625
2.48000000000000	3.35557191450924
2.52000000000000	3.38915402523364
2.56000000000000	3.42218087233167
2.60000000000000	3.45466748259671
2.64000000000000	3.48662827590612
2.68000000000000	3.51807709805608
2.72000000000000	3.54902725137950
2.76000000000000	3.57949152332566
2.80000000000000	3.60948221316354
2.84000000000000	3.63901115695586
2.88000000000000	3.66808975093774
2.92000000000000	3.69672897342146
2.96000000000000	3.72493940533857
3	3.75273124952033
3.04000000000000	3.78011434880945
3.08000000000000	3.80709820308739
3.12000000000000	3.83369198529511
3.16000000000000	3.85990455651833
3.20000000000000	3.88574372383458
3.24000000000000	3.91117805729816
3.28000000000000	3.93620242918169
3.32000000000000	3.96082755915637
3.36000000000000	3.98506374909047
3.40000000000000	4.00892090487667
3.44000000000000	4.03240855683526
3.48000000000000	4.05553587880428
3.52000000000000	4.07831170601746
3.56000000000000	4.10074455186195
3.60000000000000	4.12284262359964
3.64000000000000	4.14461383712883
3.68000000000000	4.16606583085599
3.72000000000000	4.18720597874206
3.76000000000000	4.20804140258172
3.80000000000000	4.22857898356978
3.84000000000000	4.24882537320398
3.88000000000000	4.26878700356992
3.92000000000000	4.28847009704990
3.96000000000000	4.30788067549423
4	4.32702456889078
4.04000000000000	4.34590742356540
4.08000000000000	4.36453470994379
4.12000000000000	4.38291172990276
4.16000000000000	4.40104362373693
4.20000000000000	4.41893537676496
4.24000000000000	4.43659159211903
4.28000000000000	4.45399694334563
4.32000000000000	4.47114585493832
4.36000000000000	4.48804423403938
4.40000000000000	4.50466417753820
4.44000000000000	4.52096928782161
4.48000000000000	4.53696849555023
4.52000000000000	4.55267297062768
4.56000000000000	4.56810217203301
4.60000000000000	4.58326566613751
4.64000000000000	4.59817063394323
4.68000000000000	4.61282235063280
4.72000000000000	4.62722506222483
4.76000000000000	4.64138556668500
4.80000000000000	4.65531043849387
4.84000000000000	4.66898419822834
4.88000000000000	4.68239086677580
4.92000000000000	4.69553882570165
4.96000000000000	4.70843616559062
5	4.72110169256374
5.04000000000000	4.73356579502079
5.08000000000000	4.74583447394180
5.12000000000000	4.75791282634346
5.16000000000000	4.76980449984522
5.20000000000000	4.78148817967413
5.24000000000000	4.79296116284534
5.28000000000000	4.80423024240740
5.32000000000000	4.81530187533428
5.36000000000000	4.82618262190523
5.40000000000000	4.83688173996947
5.44000000000000	4.84740545853285
5.48000000000000	4.85775880317020
5.52000000000000	4.86794657916986
5.56000000000000	4.87797263426670
5.60000000000000	4.88779101967039
5.64000000000000	4.89736897387667
5.68000000000000	4.90671648354910
5.72000000000000	4.91584290884381
5.76000000000000	4.92475703605924
5.80000000000000	4.93346678498632
5.84000000000000	4.94196192284536
5.88000000000000	4.95023773165373
5.92000000000000	4.95830366259962
5.96000000000000	4.96616855367017
6	4.97384068293573
6.04000000000000	4.98132781607947
6.08000000000000	4.98863703157412
6.12000000000000	4.99576002256250
6.16000000000000	5.00269223756383
6.20000000000000	5.00944188030765
6.24000000000000	5.01601662863869
6.28000000000000	5.02242367963440
6.32000000000000	5.02866978991068
6.36000000000000	5.03476131172491
6.40000000000000	5.04070422539675
6.44000000000000	5.04650416849275
6.48000000000000	5.05216646215893
6.52000000000000	5.05769613493259
6.56000000000000	5.06309794432048
6.60000000000000	5.06837639639270
6.64000000000000	5.07353576360947
6.68000000000000	5.07858010107073
6.72000000000000	5.08351326135465
6.76000000000000	5.08833890809122
6.80000000000000	5.09306052839934
6.84000000000000	5.09768144430106
6.88000000000000	5.10219238029636
6.92000000000000	5.10655725288035
6.96000000000000	5.11078136360490
7	5.11487123980692
7.04000000000000	5.11883297547145
7.08000000000000	5.12267226950302
7.12000000000000	5.12639445979947
7.16000000000000	5.13000455367418
7.20000000000000	5.13350725509097
7.24000000000000	5.13690698910821
7.28000000000000	5.14020792387179
7.32000000000000	5.14341399044900
7.36000000000000	5.14652890075523
7.40000000000000	5.14955616379177
7.44000000000000	5.15249910038388
7.48000000000000	5.15536085658396
7.52000000000000	5.15814441588403
7.56000000000000	5.16085261036318
7.60000000000000	5.16348813088095
7.64000000000000	5.16605353641379
7.68000000000000	5.16855126262059
7.72000000000000	5.17098362971316
7.76000000000000	5.17335284969896
7.80000000000000	5.17566103305591
7.84000000000000	5.17791019489228
7.88000000000000	5.18010226063930
7.92000000000000	5.18223907131863
7.96000000000000	5.18432238842287
8	5.18635389844279
8.04000000000000	5.18833521707213
8.08000000000000	5.19026789311724
8.12000000000000	5.19215341213646
8.16000000000000	5.19399319983152
8.20000000000000	5.19578862521121
8.24000000000000	5.19754100354563
8.28000000000000	5.19925159912763
8.32000000000000	5.20092162785643
8.36000000000000	5.20255225965728
8.40000000000000	5.20414462074949
8.44000000000000	5.20569979577429
8.48000000000000	5.20721882979292
8.52000000000000	5.20870273016434
8.56000000000000	5.21015246831140
8.60000000000000	5.21156898138329
8.64000000000000	5.21295317382169
8.68000000000000	5.21430591883717
8.72000000000000	5.21562805980221
8.76000000000000	5.21692041156629
8.80000000000000	5.21818376169844
8.84000000000000	5.21941887166197
8.88000000000000	5.22062647792584
8.92000000000000	5.22180729301685
8.96000000000000	5.22296200651631
9	5.22409128600479
9.04000000000000	5.22519577795823
9.08000000000000	5.22627610859836
9.12000000000000	5.22733288470025
9.16000000000000	5.22836669435957
9.20000000000000	5.22937810772208
9.24000000000000	5.23036767767741
9.28000000000000	5.23133594051945
9.32000000000000	5.23228341657505
9.36000000000000	5.23321061080307
9.40000000000000	5.23411801336535
9.44000000000000	5.23500610017118
9.48000000000000	5.23587533339687
9.52000000000000	5.23672616198156
9.56000000000000	5.23755902210090
9.60000000000000	5.23837433761946
9.64000000000000	5.23917252052328
9.68000000000000	5.23995397133346
9.72000000000000	5.24071907950187
9.76000000000000	5.24146822378984
9.80000000000000	5.24220177263081
9.84000000000000	5.24292008447765
9.88000000000000	5.24362350813555
9.92000000000000	5.24431238308108
9.96000000000000	5.24498703976822
10	5.24564779992192
10.0400000000000	5.24629497681988
10.0800000000000	5.24692887556306
10.1200000000000	5.24754979333549
10.1600000000000	5.24815801965383
10.2000000000000	5.24875383660738
10.2400000000000	5.24933751908863
10.2800000000000	5.24990933501514
10.3200000000000	5.25046954554292
10.3600000000000	5.25101840527185
10.4000000000000	5.25155616244337
10.4400000000000	5.25208305913087
10.4800000000000	5.25259933142311
10.5200000000000	5.25310520960096
10.5600000000000	5.25360091830769
10.6000000000000	5.25408667671323
10.6400000000000	5.25456269867256
10.6800000000000	5.25502919287845
10.7200000000000	5.25548636300895
10.7600000000000	5.25593440786966
10.8000000000000	5.25637352153115
10.8400000000000	5.25680389346159
10.8800000000000	5.25722570865501
10.9200000000000	5.25763914775504
10.9600000000000	5.25804438717470
11	5.25844159921202
11.0400000000000	5.25883095216200
11.0800000000000	5.25921261042475
11.1200000000000	5.25958673461025
11.1600000000000	5.25995348163959
11.2000000000000	5.26031300484302
11.2400000000000	5.26066545405490
11.2800000000000	5.26101097570557
11.3200000000000	5.26134971291037
11.3600000000000	5.26168180555587
11.4000000000000	5.26200739038339
11.4400000000000	5.26232660106999
11.4800000000000	5.26263956830697
11.5200000000000	5.26294641987590
11.5600000000000	5.26324728072246
11.6000000000000	5.26354227302797
11.6400000000000	5.26383151627885
11.6800000000000	5.26411512733392
11.7200000000000	5.26439322048984
11.7600000000000	5.26466590754449
11.8000000000000	5.26493329785863
11.8400000000000	5.26519549841567
11.8800000000000	5.26545261387976
11.9200000000000	5.26570474665222
11.9600000000000	5.26595199692634
12	5.26619446274065
12.0400000000000	5.26643224003067
12.0800000000000	5.26666542267918
12.1200000000000	5.26689410256519
12.1600000000000	5.26711836961143
12.2000000000000	5.26733831183058
12.2400000000000	5.26755401537030
12.2800000000000	5.26776556455691
12.3200000000000	5.26797304193795
12.3600000000000	5.26817652832363
12.4000000000000	5.26837610282707
12.4400000000000	5.26857184290354
12.4800000000000	5.26876382438864
12.5200000000000	5.26895212153545
12.5600000000000	5.26913680705072
12.6000000000000	5.26931795213013
12.6400000000000	5.26949562649258
12.6800000000000	5.26966989841363
12.7200000000000	5.26984083475808
12.7600000000000	5.27000850101169
12.8000000000000	5.27017296131211
12.8400000000000	5.27033427847899
12.8800000000000	5.27049251404337
12.9200000000000	5.27064772827630
12.9600000000000	5.27079998021675
13	5.27094932769883
13.0400000000000	5.27109582737830
13.0800000000000	5.27123953475848
13.1200000000000	5.27138050421545
13.1600000000000	5.27151878902270
13.2000000000000	5.27165444137514
13.2400000000000	5.27178751241248
13.2800000000000	5.27191805224218
13.3200000000000	5.27204610996168
13.3600000000000	5.27217173368020
13.4000000000000	5.27229497053998
13.4400000000000	5.27241586673705
13.4800000000000	5.27253446754143
13.5200000000000	5.27265081731691
13.5600000000000	5.27276495954038
13.6000000000000	5.27287693682064
13.6400000000000	5.27298679091680
13.6800000000000	5.27309456275628
13.7200000000000	5.27320029245233
13.7600000000000	5.27330401932122
13.8000000000000	5.27340578189893
13.8400000000000	5.27350561795757
13.8800000000000	5.27360356452132
13.9200000000000	5.27369965788210
13.9600000000000	5.27379393361477
14	5.27388642659211
14.0400000000000	5.27397717099936
14.0800000000000	5.27406620034848
14.1200000000000	5.27415354749207
14.1600000000000	5.27423924463702
14.2000000000000	5.27432332335774
14.2400000000000	5.27440581460927
14.2800000000000	5.27448674873993
14.3200000000000	5.27456615550379
14.3600000000000	5.27464406407281
14.4000000000000	5.27472050304878
14.4400000000000	5.27479550047491
14.4800000000000	5.27486908384723
14.5200000000000	5.27494128012570
14.5600000000000	5.27501211574512
14.6000000000000	5.27508161662575
14.6400000000000	5.27514980818376
14.6800000000000	5.27521671534140
14.7200000000000	5.27528236253694
14.7600000000000	5.27534677373450
14.8000000000000	5.27540997243353
14.8400000000000	5.27547198167818
14.8800000000000	5.27553282406642
14.9200000000000	5.27559252175902
14.9600000000000	5.27565109648826
15	5.27570856956654
15.0400000000000	5.27576496189472
15.0800000000000	5.27582029397038
15.1200000000000	5.27587458589582
15.1600000000000	5.27592785738591
15.2000000000000	5.27598012777586
15.2400000000000	5.27603141602867
15.2800000000000	5.27608174074258
15.3200000000000	5.27613112015825
15.3600000000000	5.27617957216585
15.4000000000000	5.27622711431202
15.4400000000000	5.27627376380658
15.4800000000000	5.27631953752924
15.5200000000000	5.27636445203609
15.5600000000000	5.27640852356594
15.6000000000000	5.27645176804659
15.6400000000000	5.27649420110092
15.6800000000000	5.27653583805289
15.7200000000000	5.27657669393341
15.7600000000000	5.27661678348603
15.8000000000000	5.27665612117264
15.8400000000000	5.27669472117891
15.8800000000000	5.27673259741973
15.9200000000000	5.27676976354449
15.9600000000000	5.27680623294222
16	5.27684201874673
16.0400000000000	5.27687713384152
16.0800000000000	5.27691159086468
16.1200000000000	5.27694540221367
16.1600000000000	5.27697858004997
16.2000000000000	5.27701113630367
16.2400000000000	5.27704308267797
16.2800000000000	5.27707443065358
16.3200000000000	5.27710519149299
16.3600000000000	5.27713537624474
16.4000000000000	5.27716499574756
16.4400000000000	5.27719406063438
16.4800000000000	5.27722258133636
16.5200000000000	5.27725056808673
16.5600000000000	5.27727803092466
16.6000000000000	5.27730497969898
16.6400000000000	5.27733142407184
16.6800000000000	5.27735737352232
16.7200000000000	5.27738283734993
16.7600000000000	5.27740782467811
16.7807998628785	5.27742063267029
16.7924589397166	5.27742775718508
16.7980073942331	5.27743113393080
16.8000000000000	5.27743234445754
16.8019174976925	5.27760354130221
16.8115049861551	5.28241504375054
16.8400000000000	5.33394412697102
16.8800000000000	5.50687972812259
16.9200000000000	5.78097115519641
16.9600000000000	6.12870318031190
17	6.52317075477771
17.0400000000000	6.94341454599478
17.0800000000000	7.37509124573994
17.1200000000000	7.80904357700341
17.1600000000000	8.23942459373054
17.2000000000000	8.66150504589697
17.2400000000000	9.07397554270609
17.2800000000000	9.47656440644581
17.3200000000000	9.86928033212552
17.3600000000000	10.2516671875908
17.4000000000000	10.6228159815500
17.4400000000000	10.9839063676855
17.4800000000000	11.3357732565762
17.5200000000000	11.6790133731470
17.5600000000000	12.0140846802631
17.6000000000000	12.3407723430790
17.6400000000000	12.6589660706375
17.6800000000000	12.9694690324689
17.7200000000000	13.2835382150418
17.7600000000000	13.5764900076705
17.8000000000000	13.8560060974419
17.8400000000000	14.1258896693708
17.8800000000000	14.3888804626276
17.9200000000000	14.6467762343790
17.9600000000000	14.9006340309493
18	15.1510863267480
18.0400000000000	15.3985194345180
18.0800000000000	15.6431758216351
18.1200000000000	15.8852133854369
18.1600000000000	16.1247400174619
18.2000000000000	16.3618338460204
18.2400000000000	16.5965551284234
18.2800000000000	16.8287381707432
18.3200000000000	17.0582355943285
18.3600000000000	17.2852625812388
18.4000000000000	17.5099607693394
18.4400000000000	17.7324253336464
18.4800000000000	17.9527246822906
18.5200000000000	18.1709116297583
18.5600000000000	18.3870297560834
18.6000000000000	18.6011170381019
18.6400000000000	18.8132079310497
18.6800000000000	19.0233345679894
18.7200000000000	19.2315274560400
18.7600000000000	19.4378158849813
18.8000000000000	19.6422281710539
18.8400000000000	19.8447918060441
18.8800000000000	20.0455335517085
18.9200000000000	20.2443964221285
18.9600000000000	20.4412202314915
19	20.6361400186103
19.0400000000000	20.8292485577382
19.0800000000000	21.0206085138036
19.1200000000000	21.2102655122226
19.1600000000000	21.3982554151716
19.2000000000000	21.5846083856528
19.2400000000000	21.7693511651834
19.2800000000000	21.9525083556052
19.3200000000000	22.1341031444898
19.3600000000000	22.3141577190174
19.4000000000000	22.4926935050387
19.4400000000000	22.6697313077805
19.4800000000000	22.8452913970318
19.5200000000000	23.0193935608498
19.5600000000000	23.1920571413030
19.6000000000000	23.3633010598646
19.6400000000000	23.5331438367566
19.6800000000000	23.7016036066796
19.7200000000000	23.8686981323130
19.7600000000000	24.0344448163772
19.8000000000000	24.1987511825206
19.8400000000000	24.3615948542708
19.8800000000000	24.5230073931051
19.9200000000000	24.6826993947942
19.9600000000000	24.8407874455034
20	24.9974210847203
20.0400000000000	25.1527438249682
20.0800000000000	25.3068035481001
20.1200000000000	25.4596385688703
20.1600000000000	25.6112850042101
20.2000000000000	25.7618261740562
20.2400000000000	25.9113194673031
20.2800000000000	26.0597147153721
20.3200000000000	26.2069112933023
20.3600000000000	26.3530269715599
20.4000000000000	26.4981271626086
20.4400000000000	26.6423247477057
20.4800000000000	26.7858039121243
20.5200000000000	26.9285676299713
20.5600000000000	27.0706181177358
20.6000000000000	27.2119249851222
20.6400000000000	27.3524692974852
20.6800000000000	27.4924316682472
20.7200000000000	27.6319039163255
20.7600000000000	27.7709251809658
20.8000000000000	27.9095148587760
20.8400000000000	28.0476929060328
20.8800000000000	28.1854505674004
20.9200000000000	28.3227814646007
20.9600000000000	28.4596843698392
21	28.5961602537438
21.0400000000000	28.7320182188960
21.0800000000000	28.8670801384329
21.1200000000000	29.0015259627565
21.1600000000000	29.1354219343332
21.2000000000000	29.2687930294875
21.2400000000000	29.4016501294425
21.2800000000000	29.5339992431415
21.3200000000000	29.6658094163430
21.3600000000000	29.7970383541351
21.4000000000000	29.9277703713099
21.4400000000000	30.0580375490094
21.4800000000000	30.1878515958979
21.5200000000000	30.3172179208470
21.5600000000000	30.5183108981516
21.6000000000000	30.6856454954976
21.6400000000000	30.8349217687145
21.6800000000000	30.9736837855154
21.7200000000000	31.1064063210475
21.7600000000000	31.2355585073957
21.8000000000000	31.3624817911945
21.8400000000000	31.4879195165648
21.8800000000000	31.6122888269931
21.9200000000000	31.7358259928710
21.9600000000000	31.8586660027588
22	31.9808867923742
22.0400000000000	32.1025340372537
22.0800000000000	32.2236351234701
22.1200000000000	32.3442070458365
22.1600000000000	32.4642608825267
22.2000000000000	32.5838043338351
22.2400000000000	32.7028431641978
22.2800000000000	32.8213820220354
22.3200000000000	32.9394249062815
22.3600000000000	33.0569754321132
22.4000000000000	33.1740369824819
22.4400000000000	33.2906127946542
22.4800000000000	33.4067060097432
22.5200000000000	33.5223197011523
22.5600000000000	33.6374568909947
22.5867744872483	33.7142606313371
22.6000000000000	33.7521205595998
22.6111548689701	33.7880382323857
22.6400000000000	33.9078140063310
22.6800000000000	34.1259772137962
22.7200000000000	34.3058048707465
22.7600000000000	34.5847204292489
22.8000000000000	34.9101454273324
22.8400000000000	35.2572278369735
22.8800000000000	35.6135463705522
22.9200000000000	35.9732056990161
22.9600000000000	36.3326055073652
23	36.6899590364725
23.0400000000000	37.0448705930319
23.0800000000000	37.3973401231008
23.1200000000000	37.7472775208754
23.1600000000000	38.0946389807977
23.2000000000000	38.4396187619582
23.2400000000000	38.7823810820542
23.2800000000000	39.1225432750550
23.3200000000000	39.4604075745765
23.3600000000000	39.7962497671381
23.4000000000000	40.1306941929228
23.4400000000000	40.4639260295130
23.4800000000000	40.7959300432949
23.5200000000000	41.1265529969504
23.5600000000000	41.4563333627835
23.6000000000000	41.7857128282805
23.6400000000000	42.1148274734497
23.6800000000000	42.4437409576079
23.7200000000000	42.7724364264205
23.7600000000000	43.1008827935028
23.8000000000000	43.4290766217196
23.8400000000000	43.7567228868376
23.8800000000000	44.0832242266374
23.9200000000000	44.4091347892048
23.9600000000000	44.7346339418538
24	45.0597642017443
24.0400000000000	45.3845357372422
24.0800000000000	45.7088433495328
24.1200000000000	46.0327040161963
24.1600000000000	46.3563538770689
24.2000000000000	46.6798365774398
24.2400000000000	47.0031604386244
24.2800000000000	47.3263265120815
24.3200000000000	47.6493343387373
24.3600000000000	47.9721131834029
24.4000000000000	48.2945132329303
24.4400000000000	48.6166906212556
24.4800000000000	48.9386871376415
24.5200000000000	49.2605101770904
24.5600000000000	49.5821605327597
24.6000000000000	49.9036314502383
24.6400000000000	50.2246554579604
24.6800000000000	50.5448764669051
24.7200000000000	50.8642226199077
24.7600000000000	51.1826828112006
24.8000000000000	51.5002576814791
24.8400000000000	51.8169501549890
24.8800000000000	52.1327635892397
24.9200000000000	52.4477014090204
24.9600000000000	52.7617670333183
25	53.0743557222677
25.0400000000000	53.3856695177025
25.0800000000000	53.6959709945376
25.1200000000000	54.0053031031417
25.1600000000000	54.3136767590313
25.2000000000000	54.6210970205379
25.2400000000000	54.9275678775205
25.2800000000000	55.2330931127081
25.3200000000000	55.5376764549119
25.3600000000000	55.8413216061432
25.4000000000000	56.1440322464980
25.4400000000000	56.4458120351491
25.4800000000000	56.7466646106598
25.5200000000000	57.0465914135424
25.5600000000000	57.3455740464345
25.6000000000000	57.6436040649089
25.6400000000000	57.9406834870561
25.6800000000000	58.2368157351403
25.7200000000000	58.5320044603744
25.7600000000000	58.8262533375721
25.8000000000000	59.1195660291813
25.8400000000000	59.4119461790542
25.8800000000000	59.7033974114689
25.9200000000000	59.9939233310833
25.9600000000000	60.2835275230544
26	60.5722135531857
26.0400000000000	60.8599849680796
26.0800000000000	61.1468452952879
26.1200000000000	61.4327980434615
26.1600000000000	61.7178467024982
26.2000000000000	62.0019947436897
26.2400000000000	62.2852456198656
26.2800000000000	62.5676027655372
26.3200000000000	62.8490695970394
26.3600000000000	63.1296495126703
26.4000000000000	63.4093458928307
26.4400000000000	63.6881621001609
26.4800000000000	63.9661014796764
26.5200000000000	64.2431311264197
26.5600000000000	64.5191005619135
26.6000000000000	64.7939428309191
26.6400000000000	65.0676502386710
26.6800000000000	65.3402259378801
26.7200000000000	65.6116753958540
26.7600000000000	65.8820045528972
26.8000000000000	66.1512194204231
26.8400000000000	66.7569682039406
26.8800000000000	67.0960299276604
26.9200000000000	67.3452336426823
26.9600000000000	67.5649706786172
27	67.7770947036626
27.0400000000000	67.9873765869215
27.0800000000000	68.1971538823669
27.1200000000000	68.4067128414018
27.1600000000000	68.6161144210760
27.2000000000000	68.8253714797633
27.2400000000000	69.0344865705569
27.2800000000000	69.2434600288913
27.3200000000000	69.4522917112415
27.3600000000000	69.6609813707202
27.4000000000000	69.8695287386105
27.4400000000000	70.0779050002745
27.4800000000000	70.2860723935504
27.5200000000000	70.4940806645966
27.5600000000000	70.7019403905612
27.6000000000000	70.9096534122474
27.6400000000000	71.1172198782790
27.6800000000000	71.3246396087347
27.7200000000000	71.5319123602419
27.7600000000000	71.7390378777387
27.8000000000000	71.9460159046266
27.8400000000000	72.1528380482489
27.8800000000000	72.3593953411085
27.9200000000000	72.5655989531546
27.9600000000000	72.7714321853834
28	72.9768923008919
28.0400000000000	73.1819791395343
28.0800000000000	73.3866928181424
28.1200000000000	73.5910337986233
28.1600000000000	73.7950026496619
28.2000000000000	73.9985999601106
28.2400000000000	74.2018263219468
28.2800000000000	74.4046823269063
28.3200000000000	74.6071685658193
28.3600000000000	74.8092856284827
28.4000000000000	75.0110341036410
28.4400000000000	75.2124145789866
28.4800000000000	75.4134276411663
28.5200000000000	75.6140738757873
28.5600000000000	75.8143538674241
28.6000000000000	76.0142681996245
28.6400000000000	76.2138174549168
28.6800000000000	76.4130022148155
28.7200000000000	76.6118230598282
28.7600000000000	76.8102805694613
28.8000000000000	77.0083753222265
28.8400000000000	77.2060142314692
28.8800000000000	77.4030922783772
28.9200000000000	77.5997562957072
28.9600000000000	77.7960247655298
29	77.9919015970855
29.0400000000000	78.1873880500578
29.0800000000000	78.3824849054164
29.1200000000000	78.5771928575454
29.1600000000000	78.7715125846691
29.2000000000000	78.9654447614374
29.2400000000000	79.1589900611654
29.2800000000000	79.3521491562311
29.3200000000000	79.5449227181463
29.3600000000000	79.7373114175706
29.4000000000000	79.9293159243138
29.4400000000000	80.1209369073379
29.4800000000000	80.3121750347582
29.5200000000000	80.5030309738442
29.5600000000000	80.6935053910206
29.6000000000000	80.8835989518685
29.6400000000000	81.0733123211263
29.6800000000000	81.2626461626908
29.7200000000000	81.4516011396178
29.7600000000000	81.6401779141238
29.8000000000000	81.8283771475860
29.8400000000000	82.0161995005443
29.8800000000000	82.2036456327013
29.9200000000000	82.3907156776416
29.9600000000000	82.5774032081759
30	82.7637033382082
30.0400000000000	82.9496159233550
30.0800000000000	83.1351415095928
30.1200000000000	83.3202807625890
30.1600000000000	83.5050343682236
30.2000000000000	83.6894030152162
30.2400000000000	83.8733873920862
30.2800000000000	84.0569881866195
30.3200000000000	84.2402060857761
30.3600000000000	84.4230417756731
30.4000000000000	84.6054959415826
30.4400000000000	84.7875692679314
30.4800000000000	84.9692624383012
30.5200000000000	85.1505761354292
30.5600000000000	85.3315110412080
30.6000000000000	85.5120678366864
30.6400000000000	85.6922472020693
30.6800000000000	85.8720498167183
30.7200000000000	86.0514763591520
30.7600000000000	86.2305275070461
30.8000000000000	86.4092039372339
30.8400000000000	86.5875063257065
30.8800000000000	86.7654353476132
30.9200000000000	86.9429916772617
30.9600000000000	87.1201759881181
31	87.2969889528078
31.0400000000000	87.4734312431154
31.0800000000000	87.6495035299847
31.1200000000000	87.8252064835194
31.1600000000000	88.0005407729833
31.2000000000000	88.1755070668003
31.2400000000000	88.3501060325549
31.2800000000000	88.5243383369922
31.3200000000000	88.6982046460183
31.3600000000000	88.8717056247005
31.4000000000000	89.0448419372677
31.4400000000000	89.2176142471101
31.4800000000000	89.3900232167800
31.5200000000000	89.5620695079917
31.5600000000000	89.7337537816219
31.6000000000000	89.9050766977096
31.6400000000000	90.0760389154566
31.6800000000000	90.2466410932276
31.7200000000000	90.4168838885505
31.7600000000000	90.5867679581164
31.8000000000000	90.7562939577798
31.8400000000000	90.9254625425591
31.8800000000000	91.0942743666362
31.9200000000000	91.2627300833575
31.9600000000000	91.4308303452333
32	91.5985758039384
32.0400000000000	91.7659671103121
32.0800000000000	91.9330049143587
32.1200000000000	92.0996898652471
32.1600000000000	92.2660226113115
32.2000000000000	92.4320038000512
32.2400000000000	92.5976340781310
32.2800000000000	92.7629052080878
32.3200000000000	92.9277737157237
32.3600000000000	93.0922175334409
32.4000000000000	93.2562336244257
32.4400000000000	93.4198222325142
32.4800000000000	93.5829843007126
32.5200000000000	93.7457209198241
32.5600000000000	93.9080332101171
32.6000000000000	94.0699222958117
32.6400000000000	94.2313892995592
32.6800000000000	94.3924353412468
32.7200000000000	94.5530615377441
32.7600000000000	94.7132690028546
32.8000000000000	95.1030679737765
32.8400000000000	95.3163240664895
32.8800000000000	95.4625386527751
32.9200000000000	95.5865863082684
32.9600000000000	95.7028075648343
33	95.8163274663029
33.0400000000000	95.9291043786188
33.0800000000000	96.0416098051547
33.1200000000000	96.1539590431514
33.1600000000000	96.2661803957866
33.2000000000000	96.3782808394062
33.2400000000000	96.4902621101681
33.2800000000000	96.6021246544320
33.3200000000000	96.7138686007036
33.3600000000000	96.8254939991906
33.4000000000000	96.9370008809481
33.4400000000000	97.0483892725054
33.4800000000000	97.1596591994897
33.5200000000000	97.2708106875245
33.5600000000000	97.3818437624526
33.6000000000000	97.4927584503911
33.6400000000000	97.6035547777447
33.6800000000000	97.7142327712081
33.7200000000000	97.8247924577669
33.7600000000000	97.9352338646963
33.8000000000000	98.0455570195613
33.8400000000000	98.1557619502153
33.8800000000000	98.2658486848000
33.9200000000000	98.3758172517444
33.9600000000000	98.4856676797644
34	98.5953999978616
34.0400000000000	98.7050142353233
34.0800000000000	98.8145035222989
34.1200000000000	98.9238665345002
34.1600000000000	99.0331219004238
34.2000000000000	99.1422737760179
34.2400000000000	99.2513230219080
34.2800000000000	99.3602698120455
34.3200000000000	99.4691141772450
34.3600000000000	99.5778561186248
34.4000000000000	99.6864956313236
34.4400000000000	99.7950327094669
34.4800000000000	99.9034673472087
34.5200000000000	100.011799538950
34.5600000000000	100.120029279383
34.6000000000000	100.228156563504
34.6400000000000	100.336181386609
34.6800000000000	100.444103744300
34.7200000000000	100.551923632479
34.7600000000000	100.659641047351
34.7872757069714	100.733033999114
34.8000000000000	100.767255984494
34.8113060362365	100.789313513634
34.8400000000000	100.811537763344
34.8800000000000	100.816984782410
34.9200000000000	100.812274003375
34.9600000000000	100.803056108019
35	100.791320592861
35.0400000000000	100.777917148427
35.0800000000000	100.763246136703
35.1200000000000	100.747507511041
35.1600000000000	100.730805580946
35.2000000000000	100.713197149968
35.2400000000000	100.694714818591
35.2800000000000	100.675378645134
35.3200000000000	100.655202116847
35.3600000000000	100.634195262004
35.4000000000000	100.612366296370
35.4400000000000	100.589722506440
35.4800000000000	100.566270729932
35.5200000000000	100.542017621203
35.5600000000000	100.516969800590
35.6000000000000	100.491133940411
35.6400000000000	100.464516816121
35.6800000000000	100.437125338082
35.7200000000000	100.408966572473
35.7600000000000	100.380047756073
35.8000000000000	100.350376307541
35.8400000000000	100.319959836686
35.8800000000000	100.288806152564
35.9200000000000	100.256923270870
35.9600000000000	100.224319420877
36	100.191003052062
36.0400000000000	100.156982840487
36.0800000000000	100.122267694926
36.1200000000000	100.086866762761
36.1600000000000	100.050789435580
36.2000000000000	100.014045354455
36.2400000000000	99.9766444148350
36.2800000000000	99.9386009450523
36.3200000000000	99.8999671680001
36.3600000000000	99.8607989773424
36.4000000000000	99.8211367723018
36.4400000000000	99.7810102865326
36.4800000000000	99.7404418120800
36.5200000000000	99.6994483940089
36.5600000000000	99.6580433491598
36.6000000000000	99.6162373317376
36.6400000000000	99.5740390898115
36.6800000000000	99.5314560079931
36.7200000000000	99.4884945004336
36.7600000000000	99.4451602979777
36.8000000000000	99.4014586598229
36.8400000000000	99.3573945309124
36.8800000000000	99.3129726600565
36.9200000000000	99.2681976894496
36.9600000000000	99.2230742232285
37	99.1776068805842
37.0400000000000	99.1318003374161
37.0800000000000	99.0856593594313
37.1200000000000	99.0391888288054
37.1600000000000	98.9923937659479
37.2000000000000	98.9452793474987
37.2400000000000	98.8978509213743
37.2800000000000	98.8501140194517
37.3200000000000	98.8020743683108
37.3600000000000	98.7537378983235
37.4000000000000	98.7051107512825
37.4400000000000	98.6561992866872
37.4800000000000	98.6070101872955
37.5200000000000	98.5575526540733
37.5600000000000	98.5078381652125
37.6000000000000	98.4578773123069
37.6400000000000	98.4076798289804
37.6800000000000	98.3572548086758
37.7200000000000	98.3066108745981
37.7600000000000	98.2557563128385
37.8000000000000	98.2046991768569
37.8400000000000	98.1534473694394
37.8800000000000	98.1020087067369
37.9200000000000	98.0503909678766
37.9600000000000	97.9986019328045
38	97.9466494103955
38.0400000000000	97.8945412583947
38.0800000000000	97.8422853963993
38.1200000000000	97.7898898128224
38.1600000000000	97.7373625665779
38.2000000000000	97.6847116743020
38.2400000000000	97.6319448022262
38.2800000000000	97.5790697335151
38.3200000000000	97.5260944821276
38.3600000000000	97.4730272352507
38.4000000000000	97.4198762983917
38.4400000000000	97.3666500426375
38.4800000000000	97.3133568537493
38.5200000000000	97.2600050829006
38.5600000000000	97.2066029989871
38.6000000000000	97.1531587425415
38.6400000000000	97.0996805248880
38.6800000000000	97.0461768414577
38.7200000000000	96.9926556455708
38.7600000000000	96.9391242521572
38.8000000000000	96.8855894096731
38.8400000000000	96.8320573543257
38.8800000000000	96.7785338503270
38.9200000000000	96.7250242185292
38.9600000000000	96.6715334702034
39	96.6180663191907
39.0400000000000	96.5646270617237
39.0800000000000	96.5112201434878
39.1200000000000	96.4578492160167
39.1600000000000	96.4045170857090
39.2000000000000	96.3512259108413
39.2400000000000	96.2979773505213
39.2800000000000	96.2447726780083
39.3200000000000	96.1916128673999
39.3600000000000	96.1384986602661
39.4000000000000	96.0854251719040
39.4400000000000	96.0324056793043
39.4800000000000	95.9794342670182
39.5200000000000	95.9265108649783
39.5600000000000	95.8736354032525
39.6000000000000	95.8208078120439
39.6400000000000	95.7680280216905
39.6800000000000	95.7152959626648
39.7200000000000	95.6626115655735
39.7600000000000	95.6099747611573
39.8000000000000	95.5573854802901
39.8400000000000	95.5048436539795
39.8800000000000	95.4523492133657
39.9200000000000	95.3999020897215
39.9600000000000	95.3475022144522
40	95.2951495190947
40.0400000000000	95.2428439353178
40.0800000000000	95.1905853949216
40.1200000000000	95.1383738298371
40.1600000000000	95.0862091721260
40.2000000000000	95.0340913539804
40.2400000000000	94.9820203077226
40.2800000000000	94.9299959658044
40.3200000000000	94.8780182608072
40.3600000000000	94.8260871254414
40.4000000000000	94.7742024925465
40.4400000000000	94.7223642950901
40.4800000000000	94.6705724661682
40.5200000000000	94.6188269390050
40.5600000000000	94.5671276469517
40.6000000000000	94.5154745234872
40.6400000000000	94.4638675022173
40.6800000000000	94.4123065168743
40.7200000000000	94.3607915013173
40.7600000000000	94.3093223895309
40.8000000000000	94.2578991156260
40.8400000000000	94.2065216138386
40.8800000000000	94.1551898185300
40.9200000000000	94.1039036641866
40.9600000000000	94.0526630854189
41	94.0014680169622
41.0400000000000	93.9503183936754
41.0800000000000	93.8992141505413
41.1200000000000	93.8481552226661
41.1600000000000	93.7971415452789
41.2000000000000	93.7461730537319
41.2400000000000	93.6952496834997
41.2800000000000	93.6443713701790
41.3200000000000	93.5935380494886
41.3600000000000	93.5427496572691
41.4000000000000	93.4920061294821
41.4400000000000	93.4413074022105
41.4800000000000	93.3906534116580
41.5200000000000	93.3400440941488
41.5600000000000	93.2894793861272
41.6000000000000	93.2389592241576
41.6400000000000	93.1884835449241
41.6800000000000	93.1380522852299
41.7200000000000	93.0876653819975
41.7600000000000	93.0373227722682
41.8000000000000	92.9870243932018
41.8400000000000	92.9367701820764
41.8800000000000	92.8865600762879
41.9200000000000	92.8363940133501
41.9600000000000	92.7862719308943
42	92.7361937666686
42.0400000000000	92.6861594585381
42.0800000000000	92.6361689444848
42.1200000000000	92.5862221626067
42.1600000000000	92.5363190511178
42.2000000000000	92.4864595483481
42.2400000000000	92.4366435927430
42.2800000000000	92.3868711228632
42.3200000000000	92.3371420773842
42.3600000000000	92.2874563950964
42.4000000000000	92.2378140149045
42.4400000000000	92.1882148758273
42.4800000000000	92.1386589169977
42.5200000000000	92.0891460776621
42.5600000000000	92.0396762971803
42.6000000000000	91.9902495150250
42.6400000000000	91.9408656707821
42.6800000000000	91.8915247041497
42.7200000000000	91.8422265549385
42.7600000000000	91.7929711630711
42.8000000000000	91.7437584685819
42.8400000000000	91.6945884116169
42.8800000000000	91.6454609324332
42.9200000000000	91.5963759713990
42.9600000000000	91.5473334689933
43	91.4983333658056
43.0400000000000	91.4493756025355
43.0800000000000	91.4004601199927
43.1200000000000	91.3515868590966
43.1600000000000	91.3027557608761
43.2000000000000	91.2539667664691
43.2400000000000	91.2052198171228
43.2800000000000	91.1565148541929
43.3200000000000	91.1078518191435
43.3600000000000	91.0592306535472
43.4000000000000	91.0106512990842
43.4400000000000	90.9621136975428
43.4800000000000	90.9136177908183
43.5200000000000	90.8651635209135
43.5600000000000	90.8167508299382
43.6000000000000	90.7683796601088
43.6400000000000	90.7200499537482
43.6800000000000	90.6717616532855
43.7200000000000	90.6235147012559
43.7600000000000	90.5753090403001
43.8000000000000	90.5271446131646
43.8400000000000	90.4790213627008
43.8800000000000	90.4309392318655
43.9200000000000	90.3828981637200
43.9600000000000	90.3348981014301
44	90.2869389882661
44.0400000000000	90.2390207676021
44.0800000000000	90.1911433829164
44.1200000000000	90.1433067777903
44.1600000000000	90.0955108959089
44.2000000000000	90.0477556810602
44.2400000000000	90.0000410771351
44.2800000000000	89.9523670281272
44.3200000000000	89.9047334781323
44.3600000000000	89.8571403713486
44.4000000000000	89.8095876520760
44.4400000000000	89.7620752647161
44.4800000000000	89.7146031537723
44.5200000000000	89.6671712638487
44.5600000000000	89.6197795396508
44.6000000000000	89.5724279259848
44.6400000000000	89.5251163677571
44.6800000000000	89.4778448099750
44.7200000000000	89.4306131977453
44.7600000000000	89.3834214762750
44.8000000000000	89.3362695908705
44.8400000000000	89.2891574869379
44.8800000000000	89.2420851099822
44.9200000000000	89.1950524056074
44.9600000000000	89.1480593195162
45	89.1011057975100
45.0400000000000	89.0541917854882
45.0800000000000	89.0073172294484
45.1200000000000	88.9604820754859
45.1600000000000	88.9136862697938
45.2000000000000	88.8669297586626
45.2400000000000	88.8202124884796
45.2800000000000	88.7735344057294
45.3200000000000	88.7268954569932
45.3600000000000	88.6802955889488
45.4000000000000	88.6337347483701
45.4400000000000	88.5872128821272
45.4800000000000	88.5407299371861
45.5200000000000	88.4942858606083
45.5600000000000	88.4478805995508
45.6000000000000	88.4015141012658
45.6400000000000	88.3551863131005
45.6800000000000	88.3088971824969
45.7200000000000	88.2626466569914
45.7600000000000	88.2164346842150
45.8000000000000	88.1702612118927
45.8400000000000	88.1241261878434
45.8800000000000	88.0780295599799
45.9200000000000	88.0319712763082
45.9600000000000	87.9859512849278
46	87.9399695340314
46.0400000000000	87.8940259719042
46.0800000000000	87.8481205469244
46.1200000000000	87.8022532075626
46.1600000000000	87.7564239023816
46.2000000000000	87.7106325800362
46.2400000000000	87.6648791892731
46.2800000000000	87.6191636789307
46.3200000000000	87.5734859979388
46.3600000000000	87.5278460953183
46.4000000000000	87.4822439201812
46.4400000000000	87.4366794217305
46.4800000000000	87.3911525492595
46.5200000000000	87.3456632521521
46.5600000000000	87.3002114798824
46.6000000000000	87.2547971820145
46.6400000000000	87.2094203082023
46.6800000000000	87.1640808081892
46.7200000000000	87.1187786318084
46.7600000000000	87.0735137289817
46.8000000000000	87.0282860497205
46.8400000000000	86.9830955441247
46.8800000000000	86.9379421623828
46.9200000000000	86.8928258547719
46.9600000000000	86.8477465716572
47	86.8027042634920
47.0400000000000	86.7576988808173
47.0800000000000	86.7127303742620
47.1200000000000	86.6677986945421
47.1600000000000	86.6229037924611
47.2000000000000	86.5780456189096
47.2400000000000	86.5332241248647
47.2800000000000	86.4884392613907
47.3200000000000	86.4436912764322
47.3600000000000	86.3989810247024
47.4000000000000	86.3543096093956
47.4400000000000	86.3096785163449
47.4800000000000	86.2650898062655
47.5200000000000	86.2205462973208
47.5600000000000	86.1760517099956
47.6000000000000	86.1316107347689
47.6400000000000	86.0872289832271
47.6800000000000	86.0429127978090
47.7200000000000	85.9986689225286
47.7600000000000	85.9545042752220
47.8000000000000	85.9104294699488
47.8400000000000	85.8664608550562
47.8800000000000	85.8226192014989
47.9200000000000	85.7789303882101
47.9600000000000	85.7354262329951
48	85.6921454319043
48.0400000000000	85.6491386613469
48.0800000000000	85.6064747451946
48.1200000000000	85.5642409387725
48.1600000000000	85.5225460867846
48.2000000000000	85.4815238783766
48.2400000000000	85.4413345368370
48.2800000000000	85.4021577247346
48.3200000000000	85.3641876902193
48.3600000000000	85.3276263140313
48.4000000000000	85.2926691083051
48.4400000000000	85.2594879149225
48.4800000000000	85.2282253505904
48.5200000000000	85.1990629661087
48.5600000000000	85.1722172024667
48.6000000000000	85.1478927067123
48.6400000000000	85.1262373981489
48.6800000000000	85.1073313456769
48.7200000000000	85.0911890906708
48.7600000000000	85.0777729332126
48.8000000000000	85.0670122815673
48.8400000000000	85.0588229874467
48.8800000000000	85.0531222195199
48.9200000000000	85.0498372561445
48.9600000000000	85.0489088907267
49	85.0502912139403
49.0400000000000	85.0539495622477
49.0800000000000	85.0598579328802
49.1200000000000	85.0679965951212
49.1600000000000	85.0783136063730
49.2000000000000	85.0906496595482
49.2400000000000	85.1048989766619
49.2800000000000	85.1210103690498
49.3200000000000	85.1389568601648
49.3600000000000	85.1587218640514
49.4000000000000	85.1802931989201
49.4400000000000	85.2036605993538
49.4800000000000	85.2288147096948
49.5200000000000	85.2557466768670
49.5600000000000	85.2844479772686
49.6000000000000	85.3149141223723
49.6400000000000	85.3471658831083
49.6800000000000	85.3812191205306
49.7200000000000	85.4170792721402
49.7600000000000	85.4547489859028
49.8000000000000	85.4942298513884
49.8400000000000	85.5355806961371
49.8800000000000	85.5789242333795
49.9200000000000	85.6242969573199
49.9600000000000	85.6714061183614
50	85.7203479420145
50.0400000000000	85.7712346126553
50.0800000000000	85.8241008246494
50.1200000000000	85.8789560379116
50.1600000000000	85.9358017034518
50.2000000000000	85.9946367986018
50.2400000000000	86.0554595554534
50.2800000000000	86.1182679845123
50.3200000000000	86.1830600282222
50.3600000000000	86.2498336041880
50.4000000000000	86.3185811064959
50.4400000000000	86.3892069212877
50.4800000000000	86.4617480928311
50.5200000000000	86.5359287050906
50.5600000000000	86.6112728944865
50.6000000000000	86.6876353425979
50.6400000000000	86.7649778616601
50.6800000000000	86.8432899409925
50.7200000000000	86.9225681295370
50.7600000000000	87.0028107543391
50.8000000000000	87.0840165827484
50.8400000000000	87.1661844872320
50.8800000000000	87.2493124637719
50.9200000000000	87.3333673975928
50.9600000000000	87.4183819592670
51	87.5043748653671
51.0400000000000	87.5913506162176
51.0800000000000	87.6793096667922
51.1200000000000	87.7682513260896
51.1600000000000	87.8581700187396
51.2000000000000	87.9489864881096
51.2400000000000	88.0406155763132
51.2800000000000	88.1330348810173
51.3200000000000	88.2262413596659
51.3600000000000	88.3202371646208
51.4000000000000	88.4150258508733
51.4400000000000	88.5106113659483
51.4800000000000	88.6069977822943
51.5200000000000	88.7041892268833
51.5600000000000	88.8021898629482
51.6000000000000	88.9010038854411
51.6400000000000	89.0006355200869
51.6800000000000	89.1010649261177
51.7200000000000	89.2022319707258
51.7600000000000	89.3041809382233
51.8000000000000	89.4069373966295
51.8400000000000	89.5105076021937
51.8800000000000	89.6148221763247
51.9200000000000	89.7198154618047
51.9600000000000	89.8254644773475
52	89.9317624769787
52.0400000000000	90.0387085117294
52.0800000000000	90.1463037015698
52.1200000000000	90.2545499078073
52.1600000000000	90.3634492615563
52.2000000000000	90.4730039967070
52.2400000000000	90.5832163909326
52.2800000000000	90.6940887449411
52.3200000000000	90.8056233752285
52.3600000000000	90.9178226115911
52.4000000000000	91.0306887963082
52.4400000000000	91.1442242839122
52.4800000000000	91.2584321975706
52.5200000000000	91.3732835022221
52.5600000000000	91.4885314102904
52.6000000000000	91.6040017918059
52.6400000000000	91.7196367498986
52.6800000000000	91.8354173490437
52.7200000000000	91.9513379881841
52.7600000000000	92.0673976303209
52.8000000000000	92.1835968025487
52.8400000000000	92.2999365697248
52.8800000000000	92.4164181832108
52.9200000000000	92.5330429606089
52.9600000000000	92.6498122445771
53	92.7667273887318
53.0400000000000	92.8837897528318
53.0800000000000	93.0010007011454
53.1200000000000	93.1183616019104
53.1600000000000	93.2358738271670
53.2000000000000	93.3535334245634
53.2400000000000	93.4713191844087
53.2800000000000	93.5892186209984
53.3200000000000	93.7072273184678
53.3600000000000	93.8253436014261
53.4000000000000	93.9435667384857
53.4400000000000	94.0618963233281
53.4800000000000	94.1803320615007
53.5200000000000	94.2988524987767
53.5600000000000	94.4171314616255
53.6000000000000	94.5348115735999
53.6400000000000	94.6517445690935
53.6800000000000	94.7678058892549
53.7200000000000	94.8828789838127
53.7600000000000	94.9967799025158
53.8000000000000	95.1096259284543
53.8400000000000	95.2213860342174
53.8800000000000	95.3311617041092
53.9200000000000	95.4382933978773
53.9600000000000	95.5426351138635
54	95.6441127998533
54.0400000000000	95.7427181731710
54.0800000000000	95.8384781154954
54.1200000000000	95.9312605433964
54.1600000000000	96.0210265758426
54.2000000000000	96.1076479279742
54.2400000000000	96.1910972861356
54.2800000000000	96.2713191064738
54.3200000000000	96.3480156753112
54.3600000000000	96.4211185570168
54.4000000000000	96.4906476014832
54.4400000000000	96.5566437155121
54.4800000000000	96.6187932541668
54.5200000000000	96.6747335339277
54.5600000000000	96.7241311407964
54.6000000000000	96.7671317769854
54.6400000000000	96.8038135326400
54.6800000000000	96.8342640938840
54.7200000000000	96.8587346684168
54.7600000000000	96.8774645486104
54.8000000000000	96.8906064741972
54.8400000000000	96.8983000922811
54.8800000000000	96.9006897873914
54.9200000000000	96.8977704527017
54.9600000000000	96.8894371617149
55	96.8757872452392
55.0400000000000	96.8570249906380
55.0800000000000	96.8334159183680
55.1200000000000	96.8054144898200
55.1600000000000	96.7738040135481
55.2000000000000	96.7391023882360
55.2400000000000	96.7016490921959
55.2800000000000	96.6617094355072
55.3200000000000	96.6195170729998
55.3600000000000	96.5752948719413
55.4000000000000	96.5292647279991
55.4400000000000	96.4816533937559
55.4800000000000	96.4326899257225
55.5200000000000	96.3825995255654
55.5600000000000	96.3316597074262
55.6000000000000	96.2801322779120
55.6400000000000	96.2281964882309
55.6800000000000	96.1759763480548
55.7200000000000	96.1235597316733
55.7600000000000	96.0710101508504
55.8000000000000	96.0183743662174
55.8400000000000	95.9656868037084
55.8800000000000	95.9129729245345
55.9200000000000	95.8602516724440
55.9600000000000	95.8075371469874
56	95.7548398590335
56.0400000000000	95.7021677326380
56.0800000000000	95.6495267344574
56.1200000000000	95.5969213378749
56.1600000000000	95.5443548750296
56.2000000000000	95.4918298055842
56.2400000000000	95.4393480036876
56.2800000000000	95.3869128253451
56.3200000000000	95.3345246477905
56.3600000000000	95.2821836332028
56.4000000000000	95.2298897132833
56.4400000000000	95.1776428198646
56.4800000000000	95.1254428849101
56.5200000000000	95.0732898405139
56.5600000000000	95.0211836189002
56.6000000000000	94.9691241524236
56.6400000000000	94.9171113735680
56.6800000000000	94.8651452149468
56.7200000000000	94.8132256093024
56.7600000000000	94.7613524895061
56.8000000000000	94.7095257885573
56.8400000000000	94.6577454395839
56.8800000000000	94.6060113758414
56.9200000000000	94.5543235307129
56.9600000000000	94.5026818377086
57	94.4510862304658
57.0400000000000	94.3995366427483
57.0800000000000	94.3480330084460
57.1200000000000	94.2965752615752
57.1600000000000	94.2451633362776
57.2000000000000	94.1937971668204
57.2400000000000	94.1424766875959
57.2800000000000	94.0912018331213
57.3200000000000	94.0399725380380
57.3600000000000	93.9887887371119
57.4000000000000	93.9376503652328
57.4400000000000	93.8865573574139
57.4800000000000	93.8355096487920
57.5200000000000	93.7845071746268
57.5600000000000	93.7335498703008
57.6000000000000	93.6826376713188
57.6400000000000	93.6317705133079
57.6800000000000	93.5809483320171
57.7200000000000	93.5301710633168
57.7600000000000	93.4794386431990
57.8000000000000	93.4287510077764
57.8400000000000	93.3781080932826
57.8800000000000	93.3275098360716
57.9200000000000	93.2769561726175
57.9600000000000	93.2264470395144
58	93.1759823734758
58.0400000000000	93.1255621113346
58.0800000000000	93.0751861900428
58.1200000000000	93.0248545466711
58.1600000000000	92.9745671184085
58.2000000000000	92.9243238425625
58.2400000000000	92.8741246565581
58.2800000000000	92.8239694979383
58.3200000000000	92.7738583043633
58.3600000000000	92.7237910136104
58.4000000000000	92.6737675635736
58.4400000000000	92.6237878922636
58.4800000000000	92.5738519378071
58.5200000000000	92.5239596384471
58.5600000000000	92.4741109325421
58.6000000000000	92.4243057585662
58.6400000000000	92.3745440551083
58.6800000000000	92.3248257608727
58.7200000000000	92.2751508146780
58.7600000000000	92.2255191554572
58.8000000000000	92.1759307222574
58.8400000000000	92.1263854542398
58.8800000000000	92.0768832906787
58.9200000000000	92.0274241709620
58.9600000000000	91.9780080345905
59	91.9286348211779
59.0400000000000	91.8793044704503
59.0800000000000	91.8300169222460
59.1200000000000	91.7807721165155
59.1600000000000	91.7315699933207
59.2000000000000	91.6824104928353
59.2400000000000	91.6332935553439
59.2800000000000	91.5842191212422
59.3200000000000	91.5351871310366
59.3600000000000	91.4861975253439
59.4000000000000	91.4372502448910
59.4400000000000	91.3883452305148
59.4800000000000	91.3394824231619
59.5200000000000	91.2906617638881
59.5600000000000	91.2418831938586
59.6000000000000	91.1931466543474
59.6400000000000	91.1444520867371
59.6800000000000	91.0957994325188
59.7200000000000	91.0471886332917
59.7600000000000	90.9986196307628
59.8000000000000	90.9500923667468
59.8400000000000	90.9016067831660
59.8800000000000	90.8531628220496
59.9200000000000	90.8047604255337
59.9600000000000	90.7563995358612
60	90.7080800953814
60.0400000000000	90.6598020465496
60.0800000000000	90.6115653319272
60.1200000000000	90.5633698941813
60.1600000000000	90.5152156760841
60.2000000000000	90.4671026205135
60.2400000000000	90.4190306704520
60.2800000000000	90.3709997689868
60.3200000000000	90.3230098593098
60.3600000000000	90.2750608847168
60.4000000000000	90.2271527886080
60.4400000000000	90.1792855144869
60.4800000000000	90.1314590059609
60.5200000000000	90.0836732067405
60.5600000000000	90.0359280606392
60.6000000000000	89.9882235115734
60.6400000000000	89.9405595035620
60.6800000000000	89.8929359807262
60.7200000000000	89.8453528872894
60.7600000000000	89.7978101675767
60.8000000000000	89.7503077660152
60.8400000000000	89.7028456271329
60.8800000000000	89.6554236955594
60.9200000000000	89.6080419160249
60.9600000000000	89.5607002333606
61	89.5133985924979
61.0400000000000	89.4661369384687
61.0800000000000	89.4189152164048
61.1200000000000	89.3717333715377
61.1600000000000	89.3245913491986
61.2000000000000	89.2774890948182
61.2400000000000	89.2304265539259
61.2800000000000	89.1834036721503
61.3200000000000	89.1364203952185
61.3600000000000	89.0894766689562
61.4000000000000	89.0425724392873
61.4400000000000	88.9957076522335
61.4800000000000	88.9488822539144
61.5200000000000	88.9020961905472
61.5600000000000	88.8553494084464
61.6000000000000	88.8086418540235
61.6400000000000	88.7619734737871
61.6800000000000	88.7153442143423
61.7200000000000	88.6687540223906
61.7600000000000	88.6222028447300
61.8000000000000	88.5756906282543
61.8400000000000	88.5292173199531
61.8800000000000	88.4827828669117
61.9200000000000	88.4363872163106
61.9600000000000	88.3900303154256
62	88.3437121116275
62.0400000000000	88.2974325523816
62.0800000000000	88.2511915852478
62.1200000000000	88.2049891578804
62.1600000000000	88.1588252180278
62.2000000000000	88.1126997135320
62.2400000000000	88.0666125923290
62.2800000000000	88.0205638024480
62.3200000000000	87.9745532920116
62.3600000000000	87.9285810092354
62.4000000000000	87.8826469024279
62.4400000000000	87.8367509199899
62.4800000000000	87.7908930104150
62.5200000000000	87.7450731222889
62.5600000000000	87.6992912042890
62.6000000000000	87.6535472051850
62.6400000000000	87.6078410738377
62.6800000000000	87.5621727591997
62.7200000000000	87.5165422103143
62.7600000000000	87.4709493763163
62.8000000000000	87.4253942064309
62.8400000000000	87.3798766499739
62.8800000000000	87.3343966563517
62.9200000000000	87.2889541750606
62.9600000000000	87.2435491556870
63	87.1981815479070
63.0400000000000	87.1528513014863
63.0800000000000	87.1075583662800
63.1200000000000	87.0623026922323
63.1600000000000	87.0170842293763
63.2000000000000	86.9719029278340
63.2400000000000	86.9267587378159
63.2800000000000	86.8816516096209
63.3200000000000	86.8365814936361
63.3600000000000	86.7915483403365
63.4000000000000	86.7465521002849
63.4400000000000	86.7015927241317
63.4800000000000	86.6566701626149
63.5200000000000	86.6117843665594
63.5600000000000	86.5669352868771
63.6000000000000	86.5221228745671
63.6400000000000	86.4773470807147
63.6800000000000	86.4326078564919
63.7200000000000	86.3879051531568
63.7600000000000	86.3432389220536
63.8000000000000	86.2986091146124
63.8400000000000	86.2540156823490
63.8800000000000	86.2094585768644
63.9200000000000	86.1649377498454
63.9600000000000	86.1204531530634
64	86.0760047383750
64.0400000000000	86.0315924577215
64.0800000000000	85.9872162631288
64.1200000000000	85.9428761067069
64.1600000000000	85.8985719406503
64.2000000000000	85.8543037172373
64.2400000000000	85.8100713888300
64.2800000000000	85.7658749078743
64.3200000000000	85.7217142268992
64.3600000000000	85.6775892985173
64.4000000000000	85.6335000754241
64.4400000000000	85.5894465103980
64.4800000000000	85.5454285563001
64.5200000000000	85.5014461660741
64.5600000000000	85.4574992927459
64.6000000000000	85.4135878894237
64.6400000000000	85.3697119092978
64.6800000000000	85.3258713056399
64.7200000000000	85.2820660318037
64.7600000000000	85.2382960412241
64.8000000000000	85.1945612874176
64.8400000000000	85.1508617239814
64.8800000000000	85.1071973045939
64.9200000000000	85.0635679830141
64.9600000000000	85.0199737130816
65	84.9764144487163
65.0400000000000	84.9328901439186
65.0800000000000	84.8894007527685
65.1200000000000	84.8459462294263
65.1600000000000	84.8025265281317
65.2000000000000	84.7591416032040
65.2400000000000	84.7157914090418
65.2800000000000	84.6724759001230
65.3200000000000	84.6291950310044
65.3600000000000	84.5859487563217
65.4000000000000	84.5427370307891
65.4400000000000	84.4995598091994
65.4800000000000	84.4564170464237
65.5200000000000	84.4133086974113
65.5600000000000	84.3702347171893
65.6000000000000	84.3271950608630
65.6400000000000	84.2841896836147
65.6800000000000	84.2412185407048
65.7200000000000	84.1982815874707
65.7600000000000	84.1553787793269
65.8000000000000	84.1125100717651
65.8400000000000	84.0696754203535
65.8800000000000	84.0268747807371
65.9200000000000	83.9841081086374
65.9600000000000	83.9413753598522
66	83.8986764902553
66.0400000000000	83.8560114557968
66.0800000000000	83.8133802125022
66.1200000000000	83.7707827164729
66.1600000000000	83.7282189238858
66.2000000000000	83.6856887909930
66.2400000000000	83.6431922741219
66.2800000000000	83.6007293296748
66.3200000000000	83.5582999141289
66.3600000000000	83.5159039840360
66.4000000000000	83.4735414960225
66.4400000000000	83.4312124067892
66.4800000000000	83.3889166731110
66.5200000000000	83.3466542518369
66.5600000000000	83.3044250998897
66.6000000000000	83.2622291742661
66.6400000000000	83.2200664320361
66.6800000000000	83.1779368303434
66.7200000000000	83.1358403264048
66.7600000000000	83.0937768775101
66.8000000000000	83.0517464410223
66.8400000000000	83.0097489743769
66.8800000000000	82.9677844350823
66.9200000000000	82.9258527807191
66.9600000000000	82.8839539689404
67	82.8420879574715
67.0400000000000	82.8002547041095
67.0800000000000	82.7584541667235
67.1200000000000	82.7166863032544
67.1600000000000	82.6749510717145
67.2000000000000	82.6332484301874
67.2400000000000	82.5915783368282
67.2800000000000	82.5499407498630
67.3200000000000	82.5083356275888
67.3600000000000	82.4667629283733
67.4000000000000	82.4252226106551
67.4400000000000	82.3837146329432
67.4800000000000	82.3422389538167
67.5200000000000	82.3007955319252
67.5600000000000	82.2593843259882
67.6000000000000	82.2180052947951
67.6400000000000	82.1766583972052
67.6800000000000	82.1353435921471
67.7200000000000	82.0940608386192
67.7600000000000	82.0528100956889
67.8000000000000	82.0115913224929
67.8400000000000	81.9704044782370
67.8800000000000	81.9292495221958
67.9200000000000	81.8881264137124
67.9600000000000	81.8470351121989
68	81.8059755771355
68.0400000000000	81.7649477680707
68.0800000000000	81.7239516446214
68.1200000000000	81.6829871664723
68.1600000000000	81.6420542933760
68.2000000000000	81.6011529851527
68.2400000000000	81.5602832016904
68.2800000000000	81.5194449029444
68.3200000000000	81.4786380489372
68.3600000000000	81.4378625997587
68.4000000000000	81.3971185155655
68.4400000000000	81.3564057565813
68.4800000000000	81.3157242830964
68.5200000000000	81.2750740554677
68.5600000000000	81.2344550341185
68.6000000000000	81.1938671795387
68.6400000000000	81.1533104522839
68.6800000000000	81.1127848129760
68.7200000000000	81.0722902223028
68.7600000000000	81.0318266410178
68.8000000000000	80.9913940299400
68.8400000000000	80.9509923499542
68.8800000000000	80.9106215620101
68.9200000000000	80.8702816271229
68.9600000000000	80.8299725063727
69	80.7896941609049
69.0400000000000	80.7494465519291
69.0800000000000	80.7092296407201
69.1200000000000	80.6690433886168
69.1600000000000	80.6288877570228
69.2000000000000	80.5887627074059
69.2400000000000	80.5486682012978
69.2800000000000	80.5086042002944
69.3200000000000	80.4685706660555
69.3600000000000	80.4285675603045
69.4000000000000	80.3885948448283
69.4400000000000	80.3486524814774
69.4800000000000	80.3087404321658
69.5200000000000	80.2688586588702
69.5600000000000	80.2290071236308
69.6000000000000	80.1891857885506
69.6400000000000	80.1493946157954
69.6800000000000	80.1096335675935
69.7200000000000	80.0699026062361
69.7600000000000	80.0302016940765
69.8000000000000	79.9905307935304
69.8400000000000	79.9508898670756
69.8800000000000	79.9112788772520
69.9200000000000	79.8716977866614
69.9600000000000	79.8321465579673
70	79.7926251538949
70.0400000000000	79.7531335372308
70.0800000000000	79.7136716708232
70.1200000000000	79.6742395175813
70.1600000000000	79.6348370404756
70.2000000000000	79.5954642025376
70.2400000000000	79.5561209668596
70.2800000000000	79.5168072965947
70.3200000000000	79.4775231549566
70.3600000000000	79.4382685052197
70.4000000000000	79.3990433107184
70.4400000000000	79.3598475348478
70.4800000000000	79.3206811410627
70.5200000000000	79.2815440928782
70.5600000000000	79.2424363538692
70.6000000000000	79.2033578876704
70.6400000000000	79.1643086579760
70.6800000000000	79.1252886285399
70.7200000000000	79.0862977631754
70.7600000000000	79.0473360257548
70.8000000000000	79.0084033802098
70.8400000000000	78.9694997905312
70.8800000000000	78.9306252207684
70.9200000000000	78.8917796350298
70.9600000000000	78.8529629974826
71	78.7554197199399
71.0400000000000	78.2681923648743
71.0800000000000	77.7813252339665
71.1200000000000	77.2948158267955
71.1600000000000	76.8086616498050
71.2000000000000	76.3228602162517
71.2400000000000	75.8374090461559
71.2800000000000	75.3523056662509
71.3200000000000	74.8675476099339
71.3600000000000	74.3831324172174
71.4000000000000	73.8990576346794
71.4400000000000	73.4153208154173
71.4800000000000	72.9319195189984
71.5200000000000	72.4488513114148
71.5600000000000	71.9661137650351
71.6000000000000	71.4837044585600
71.6400000000000	71.0016209769760
71.6800000000000	70.5198609115105
71.7200000000000	70.0384218595882
71.7600000000000	69.5573014247864
71.8000000000000	69.0764972167932
71.8400000000000	68.5960068513635
71.8800000000000	68.1158279502788
71.9200000000000	67.6359581413046
71.9600000000000	67.1563950581513
72	66.6771363404335
72.0400000000000	66.1981796336312
72.0800000000000	65.7195225890525
72.1200000000000	65.2411628637948
72.1600000000000	64.7630981207099
72.2000000000000	64.2853260283670
72.2400000000000	63.8078442610192
72.2800000000000	63.3306504985687
72.3200000000000	62.8537424265356
72.3600000000000	62.3771177360254
72.4000000000000	61.9007741236982
72.4400000000000	61.4247092917412
72.4800000000000	60.9489209478390
72.5200000000000	60.4734068051485
72.5600000000000	59.9981645822727
72.6000000000000	59.5231920032383
72.6400000000000	59.0484867974730
72.6800000000000	58.5740466997855
72.7200000000000	58.0998694503474
72.7600000000000	57.6259527946764
72.8000000000000	57.1522944836229
72.8400000000000	56.6788922733569
72.8800000000000	56.2057439253597
72.9200000000000	55.7328472064153
72.9600000000000	55.2601998886081
73	54.7877997493204
73.0400000000000	54.3156445712345
73.0800000000000	53.8437321423390
73.1200000000000	53.3720602559370
73.1600000000000	52.9006267106609
73.2000000000000	52.4294293104882
73.2400000000000	51.9584658647659
73.2800000000000	51.4877341882367
73.3200000000000	51.0172321010735
73.3600000000000	50.5469574289180
73.4000000000000	50.0769080029270
73.4400000000000	49.6070816598260
73.4800000000000	49.1374762419702
73.5200000000000	48.6680895974151
73.5600000000000	48.1989195799953
73.6000000000000	47.7299640494152
73.6400000000000	47.2612208713507
73.6800000000000	46.7926879175622
73.7200000000000	46.3243630660245
73.7600000000000	45.8562442010690
73.8000000000000	45.3883292135450
73.8400000000000	44.9206160009988
73.8800000000000	44.4531024678745
73.9200000000000	43.9857865257368
73.9600000000000	43.5186660935213
74	43.0517390978127
74.0400000000000	42.5850034731541
74.0800000000000	42.1184571623951
74.1200000000000	41.6520981170771
74.1600000000000	41.1859242978667
74.2000000000000	40.7199336750377
74.2400000000000	40.2541242290133
74.2800000000000	39.7884939509699
74.3200000000000	39.3230408435184
74.3600000000000	38.8577629214666
74.4000000000000	38.3926582126767
74.4400000000000	37.9277247590337
74.4800000000000	37.4629606175351
74.5200000000000	36.9983638615262
74.5600000000000	36.5339325820956
74.6000000000000	36.0696648896638
74.6400000000000	35.6055589157872
74.6800000000000	35.1416128152171
74.7200000000000	34.6778247682549
74.7600000000000	34.2141929834506
74.8000000000000	33.7507157007079
74.8400000000000	33.2873315889859
74.8800000000000	32.8240949985079
74.9200000000000	32.3610039698818
74.9600000000000	31.8980565557840
75	31.4352508219507
75.0400000000000	30.9725848483069
75.0800000000000	30.5100567302539
75.1200000000000	30.0476645801393
75.1600000000000	29.5854065289430
75.2000000000000	29.1232807282118
75.2400000000000	28.6612853522904
75.2800000000000	28.1994186008967
75.3200000000000	27.7376787021100
75.3600000000000	27.2760639158439
75.4000000000000	26.8145725379022
75.4400000000000	26.3532029047322
75.4800000000000	25.8919533990157
75.5200000000000	25.4308224562801
75.5600000000000	24.9698085727431
75.6000000000000	24.5089103146760
75.6400000000000	24.0481263296322
75.6800000000000	23.5874553599888
75.7200000000000	23.1268962593780
75.7600000000000	22.6664480127481
75.8000000000000	22.2061097610284
75.8400000000000	21.7458808316714
75.8800000000000	21.2857607767784
75.9200000000000	20.8257494210911
75.9600000000000	20.3658469229657
76	19.9060538526111
76.0400000000000	19.4463712935780
76.0800000000000	18.9868009759753
76.1200000000000	18.5271399253627
76.1600000000000	18.0675694275589
76.2000000000000	17.6080887750036
76.2400000000000	17.1486974964679
76.2800000000000	16.6893954126225
76.3200000000000	16.2301827081983
76.3600000000000	15.7710600268140
76.4000000000000	15.3120285972382
76.4400000000000	14.8530904039548
76.4800000000000	14.3942484212839
76.5200000000000	13.9355069405234
76.5600000000000	13.4768720362720
76.6000000000000	13.0183522462813
76.6400000000000	12.5599595882872
76.6800000000000	12.1017111261442
76.7200000000000	11.6436314654665
76.7600000000000	11.1857568923807
76.8000000000000	10.7281425712564
76.8400000000000	10.6783663614453
76.8800000000000	10.6696277327909
76.9200000000000	10.6608959256830
76.9600000000000	10.6521709769083
77	10.6434529235386
77.0400000000000	10.6347418029328
77.0800000000000	10.6260376527390
77.1200000000000	10.6173405108970
77.1600000000000	10.6086504156398
77.2000000000000	10.5999674054969
77.2400000000000	10.5912915192954
77.2800000000000	10.5826227961631
77.3200000000000	10.5739612755303
77.3600000000000	10.5653069971320
77.4000000000000	10.5566600010106
77.4400000000000	10.5480203275177
77.4800000000000	10.5393880173167
77.5200000000000	10.5307631113850
77.5600000000000	10.5221456510164
77.6000000000000	10.5135356778230
77.6400000000000	10.5049332337383
77.6800000000000	10.4963383610189
77.7200000000000	10.4877511022470
77.7600000000000	10.4791715003329
77.8000000000000	10.4705995985173
77.8400000000000	10.4620354403736
77.8800000000000	10.4534790698104
77.9200000000000	10.4449305310737
77.9600000000000	10.4363898687497
78	10.4278571277667
78.0400000000000	10.4193323533978
78.0800000000000	10.4108155912634
78.1200000000000	10.4023068873335
78.1600000000000	10.3938062879300
78.2000000000000	10.3853138397293
78.2400000000000	10.3768295897650
78.2800000000000	10.3683535854299
78.3200000000000	10.3598858744785
78.3600000000000	10.3514265050298
78.4000000000000	10.3429755255696
78.4400000000000	10.3345329849529
78.4800000000000	10.3260989324064
78.5200000000000	10.3176734175308
78.5600000000000	10.3092564903040
78.6000000000000	10.3008482010824
78.6400000000000	10.2924486006046
78.6800000000000	10.2840577399929
78.7200000000000	10.2756756707565
78.7600000000000	10.2673024447936
78.8000000000000	10.2589381143938
78.8400000000000	10.2505827322410
78.8800000000000	10.2422363514155
78.9200000000000	10.2338990253966
78.9600000000000	10.2255708080651
79	10.2172517537058
79.0400000000000	10.2089419170100
79.0800000000000	10.2006413530776
79.1200000000000	10.1923501174202
79.1600000000000	10.1840682659628
79.2000000000000	10.1757958550471
79.2400000000000	10.1675329414331
79.2800000000000	10.1592795823020
79.3200000000000	10.1510358352585
79.3600000000000	10.1428017583334
79.4000000000000	10.1345774099856
79.4400000000000	10.1263628491047
79.4800000000000	10.1181581350135
79.5200000000000	10.1099633274702
79.5600000000000	10.1017784866708
79.6000000000000	10.0936036732513
79.6400000000000	10.0854389482902
79.6800000000000	10.0772843733106
79.7200000000000	10.0691400102828
79.7600000000000	10.0610059216261
79.8000000000000	10.0528821702114
79.8400000000000	10.0447688193632
79.8800000000000	10.0366659328621
79.9200000000000	10.0285735749463
79.9600000000000	10.0204918103146
80	10.0124207041280
80.0400000000000	10.0043603220116
80.0800000000000	9.99631073005738
80.1200000000000	9.98827199482538
80.1600000000000	9.98024418334631
80.2000000000000	9.97222736312324
80.2400000000000	9.96422160213357
80.2800000000000	9.95622696883093
80.3200000000000	9.94824353214705
80.3600000000000	9.94027136149353
80.4000000000000	9.93231052676366
80.4400000000000	9.92436109833411
80.4800000000000	9.91642314706664
80.5200000000000	9.90849674430973
80.5600000000000	9.90058196190020
80.6000000000000	9.89267887216469
80.6400000000000	9.88478754792125
80.6800000000000	9.87690806248070
80.7200000000000	9.86904048964806
80.7600000000000	9.86118490372385
80.8000000000000	9.85334137950541
80.8400000000000	9.84550999228806
80.8800000000000	9.83769081786632
80.9200000000000	9.82988393253491
80.9600000000000	9.82208941308984
81	9.81430733682935
81.0400000000000	9.80653778155477
81.0800000000000	9.79878082557134
81.1200000000000	9.79103654768897
81.1600000000000	9.78330502722287
81.2000000000000	9.77558634399414
81.2400000000000	9.76788057833028
81.2800000000000	9.76018781106558
81.3200000000000	9.75250812354146
81.3600000000000	9.74484159760673
81.4000000000000	9.73718831561770
81.4400000000000	9.72954836043825
81.4800000000000	9.72192181543980
81.5200000000000	9.71430876450115
81.5600000000000	9.70670929200826
81.6000000000000	9.69912348285386
81.6400000000000	9.69155142243704
81.6800000000000	9.68399319666266
81.7200000000000	9.67644889194068
81.7600000000000	9.66891859518535
81.8000000000000	9.66140239381432
81.8400000000000	9.65390037574760
81.8800000000000	9.64641262940638
81.9200000000000	9.63893924371177
81.9600000000000	9.63148030808338
82	9.62403591243773
82.0400000000000	9.61660614718663
82.0800000000000	9.60919110323528
82.1200000000000	9.60179087198034
82.1600000000000	9.59440554530781
82.2000000000000	9.58703521559074
82.2400000000000	9.57967997568682
82.2800000000000	9.57233991893580
82.3200000000000	9.56501513915675
82.3600000000000	9.55770573064517
82.4000000000000	9.55041178816988
82.4400000000000	9.54313340696982
82.4800000000000	9.53587068275062
82.5200000000000	9.52862371168103
82.5600000000000	9.52139259038907
82.6000000000000	9.51417741595817
82.6400000000000	9.50697828592299
82.6800000000000	9.49979529826503
82.7200000000000	9.49262855140816
82.7600000000000	9.48547814421385
82.8000000000000	9.47834417597627
82.8400000000000	9.47122674641709
82.8800000000000	9.46412595568019
82.9200000000000	9.45704190432601
82.9600000000000	9.44997469332587
83	9.44292442405586
83.0400000000000	9.43589119829066
83.0800000000000	9.42887511819709
83.1200000000000	9.42187628632735
83.1600000000000	9.41489480561218
83.2000000000000	9.40793077935359
83.2400000000000	9.40098431121752
83.2800000000000	9.39405550522613
83.3200000000000	9.38714446574992
83.3600000000000	9.38025129749951
83.4000000000000	9.37337610551728
83.4400000000000	9.36651899516860
83.4800000000000	9.35968007213293
83.5200000000000	9.35285944239459
83.5600000000000	9.34605721223322
83.6000000000000	9.33927348821406
83.6400000000000	9.33250837717784
83.6800000000000	9.32576198623049
83.7200000000000	9.31903442273249
83.7600000000000	9.31232579428796
83.8000000000000	9.30563620873346
83.8400000000000	9.29896577412649
83.8800000000000	9.29231459873368
83.9200000000000	9.28568279101872
83.9600000000000	9.27907045962991
84	9.27247771338748
84.0400000000000	9.26590466127058
84.0800000000000	9.25935141240390
84.1200000000000	9.25281807604407
84.1600000000000	9.24630476156569
84.2000000000000	9.23981157844702
84.2400000000000	9.23333863625540
84.2800000000000	9.22688604463233
84.3200000000000	9.22045391327820
84.3600000000000	9.21404235193674
84.4000000000000	9.20765147037910
84.4400000000000	9.20128137838762
84.4800000000000	9.19493218573926
84.5200000000000	9.18860400218875
84.5600000000000	9.18229693745133
84.6000000000000	9.17601110118518
84.6400000000000	9.16974660297361
84.6800000000000	9.16350355230673
84.7200000000000	9.15728205856301
84.7600000000000	9.15108223099031
84.8000000000000	9.14490417868672
84.8400000000000	9.13874801058100
84.8800000000000	9.13261383541268
84.9200000000000	9.12650176171189
84.9600000000000	9.12041189777879
85	9.11434435166279
85.0400000000000	9.10829923114125
85.0800000000000	9.10227664369810
85.1200000000000	9.09627669650192
85.1600000000000	9.09029949638388
85.2000000000000	9.08434514981523
85.2400000000000	9.07841376288459
85.2800000000000	9.07250544127484
85.3200000000000	9.06662029023980
85.3600000000000	9.06075841458052
85.4000000000000	9.05491991862134
85.4400000000000	9.04910490618567
85.4800000000000	9.04331348057142
85.5200000000000	9.03754574452621
85.5600000000000	9.03180180022230
85.6000000000000	9.02608174923126
85.6400000000000	9.02038569249833
85.6800000000000	9.01471373031660
85.7200000000000	9.00906596230093
85.7600000000000	9.00344248736157
85.8000000000000	8.99784340367766
85.8400000000000	8.99226880867038
85.8800000000000	8.98671879897605
85.9200000000000	8.98119347041886
85.9600000000000	8.97569291798352
86	8.97021723578771
86.0400000000000	8.96476651705432
86.0800000000000	8.95934085408357
86.1200000000000	8.95394033822493
86.1600000000000	8.94856505984899
86.2000000000000	8.94321510831909
86.2400000000000	8.93789057196293
86.2800000000000	8.93259153804402
86.3200000000000	8.92731809273310
86.3600000000000	8.92231938140216
86.4000000000000	8.91793368219768
86.4400000000000	8.91456257709872
86.4800000000000	8.91267952775091
86.5200000000000	8.91266176085654
86.5600000000000	8.91441583363587
86.6000000000000	8.91803100755049
86.6400000000000	8.92332737033487
86.6800000000000	8.93018257327882
86.7200000000000	8.93869738040005
86.7600000000000	8.94902836270009
86.8000000000000	8.96124445303277
86.8400000000000	8.97540579376292
86.8800000000000	8.99137490017578
86.9200000000000	9.00919562918863
86.9600000000000	9.02893916702097
87	9.05065377891354
87.0400000000000	9.07436792271178
87.0800000000000	9.10009333375662
87.1200000000000	9.12782796961068
87.1600000000000	9.15755871745620
87.2000000000000	9.18926379651489
87.2400000000000	9.22291364014867
87.2800000000000	9.25842232218686
87.3200000000000	9.29572625040449
87.3600000000000	9.33480200505415
87.4000000000000	9.37562090472122
87.4400000000000	9.41815046870071
87.4800000000000	9.46235556131592
87.5200000000000	9.50819927246758
87.5600000000000	9.55564358417298
87.6000000000000	9.60464986700930
87.6400000000000	9.65517924396205
87.6800000000000	9.70719285279095
87.7200000000000	9.76065203207257
87.7600000000000	9.81551845080409
87.8000000000000	9.87175419695437
87.8400000000000	9.92932183664075
87.8800000000000	9.98818445263118
87.9200000000000	10.0483056685404
87.9600000000000	10.1096496632990
88	10.1721811791326
88.0400000000000	10.2358655252948
88.0800000000000	10.3006685790813
88.1200000000000	10.3665567851414
88.1600000000000	10.4334971537450
88.2000000000000	10.5014572584204
88.2400000000000	10.5704052332125
88.2800000000000	10.6403097697048
88.3200000000000	10.7111401138786
88.3600000000000	10.7828660628421
88.4000000000000	10.8554579614392
88.4400000000000	10.9288866987304
88.4800000000000	11.0031237043383
88.5200000000000	11.0781409446446
88.5600000000000	11.1539109188275
88.6000000000000	11.2304066547323
88.6400000000000	11.3076017045677
88.6800000000000	11.3854701404270
88.7200000000000	11.4639865496313
88.7600000000000	11.5431260298995
88.8000000000000	11.6228641843462
88.8400000000000	11.7031771163162
88.8800000000000	11.7840414240598
88.9200000000000	11.8654341952588
88.9600000000000	11.9473330014114
89	12.0297158920851
89.0400000000000	12.1125605205516
89.0800000000000	12.1959162152047
89.1200000000000	12.2799655935324
89.1600000000000	12.3648442969000
89.2000000000000	12.4506411473962
89.2400000000000	12.5374122358888
89.2800000000000	12.6251907683873
89.3200000000000	12.7139939710463
89.3600000000000	12.8038279390261
89.4000000000000	12.8946910413009
89.4400000000000	12.9865763090676
89.4800000000000	13.0794731084449
89.5200000000000	13.1733683095794
89.5600000000000	13.2682471019747
89.6000000000000	13.3640935618104
89.6400000000000	13.4608910458255
89.6800000000000	13.5586224642344
89.7200000000000	13.6572704694976
89.7600000000000	13.7568175867224
89.8000000000000	13.8572463036746
89.8400000000000	13.9585391329161
89.8800000000000	14.0606786547453
89.9200000000000	14.1636475469405
89.9600000000000	14.2674286054451
90	14.3720047588372
90.0400000000000	14.4773590785338
90.0800000000000	14.5834747860619
90.1200000000000	14.6903352583061
90.1600000000000	14.7979240313510
90.2000000000000	14.9062248033390
90.2400000000000	15.0152214366283
90.2800000000000	15.1248979594451
90.3200000000000	15.2352385671608
90.3600000000000	15.3462073236668
90.4000000000000	15.4577528461124
90.4400000000000	15.5698748898543
90.4800000000000	15.6825687383911
90.5200000000000	15.7890360069038
90.5600000000000	15.8496298540946
90.6000000000000	15.8732071151217
90.6400000000000	15.8768188178326
90.6800000000000	15.8740300449853
90.7200000000000	15.8683959617095
90.7600000000000	15.8612035293318
90.8000000000000	15.8530585320459
90.8400000000000	15.8442895698600
90.8800000000000	15.8350917324679
90.9200000000000	15.8255883827457
90.9600000000000	15.8158612647671
91	15.8059665462365
91.0400000000000	15.7959439603680
91.0800000000000	15.7858222961410
91.1200000000000	15.7756228375939
91.1600000000000	15.7653615943586
91.2000000000000	15.7550507909068
91.2400000000000	15.7446998857550
91.2800000000000	15.7343165585126
91.3200000000000	15.7238884849441
91.3600000000000	15.7135003443755
91.4000000000000	15.7031142716702
91.4400000000000	15.6927302672759
91.4800000000000	15.6823483316488
91.5200000000000	15.6719684652535
91.5600000000000	15.6615906685631
91.6000000000000	15.6512149420591
91.6400000000000	15.6408412862318
91.6800000000000	15.6304697015796
91.7200000000000	15.6201001886101
91.7600000000000	15.6097327478393
91.8000000000000	15.5993673797918
91.8400000000000	15.5890040850011
91.8800000000000	15.5786428640097
91.9200000000000	15.5682837173685
91.9600000000000	15.5579266456377
92	15.5475716493863
92.0400000000000	15.5372187291923
92.0800000000000	15.5268678856426
92.1200000000000	15.5165191193333
92.1600000000000	15.5061724308697
92.2000000000000	15.4958278208661
92.2400000000000	15.4854852899462
92.2800000000000	15.4751448387426
92.3200000000000	15.4648064678977
92.3600000000000	15.4544701780630
92.4000000000000	15.4441359698993
92.4400000000000	15.4338038440771
92.4800000000000	15.4234738012761
92.5200000000000	15.4131465274670
92.5530663436671	15.4107146902641
92.5600000000000	15.4132948118302
92.5899811978675	15.4409731791531
92.6000000000000	15.4541948136349
92.6400000000000	15.5213548118751
92.6800000000000	15.6052507539878
92.7200000000000	15.7006304996102
92.7600000000000	15.8033827944586
92.8000000000000	15.9105856352011
92.8400000000000	16.0202867866606
92.8800000000000	16.1312288562215
92.9200000000000	16.2426202019748
92.9600000000000	16.3539699784213
93	16.4649774759460
93.0400000000000	16.5754606650995
93.0800000000000	16.6853110420330
93.1200000000000	16.7944654466740
93.1600000000000	16.9028885989757
93.2000000000000	17.0105623202949
93.2400000000000	17.1174788951571
93.2800000000000	17.2236369873139
93.3200000000000	17.3290391283773
93.3600000000000	17.4336901737443
93.4000000000000	17.5375963533623
93.4400000000000	17.6407646883546
93.4800000000000	17.7432026327640
93.5200000000000	17.8449178538801
93.5600000000000	17.9459180979281
93.6000000000000	18.0462111083596
93.6400000000000	18.1458045765708
93.6800000000000	18.2447061126119
93.7200000000000	18.3429232282181
93.7600000000000	18.4404633274281
93.8000000000000	18.5373337018657
93.8400000000000	18.6335415288775
93.8800000000000	18.7290634595832
93.9200000000000	18.8238506708448
93.9600000000000	18.9179404362995
94	19.0113344141116
94.0400000000000	19.1038793381876
94.0800000000000	19.1956111437682
94.1200000000000	19.2865897416142
94.1600000000000	19.3768616135357
94.2000000000000	19.4664828397469
94.2400000000000	19.5554652251600
94.2800000000000	19.6438157647452
94.3200000000000	19.7315403986284
94.3600000000000	19.8186519769295
94.4000000000000	19.9051806494118
94.4400000000000	19.9911480897618
94.4800000000000	20.0765672121351
94.5200000000000	20.1613711675166
94.5600000000000	20.2455494906258
94.6000000000000	20.3291467750888
94.6400000000000	20.4121894650947
94.6800000000000	20.4946958095218
94.7200000000000	20.5767463191877
94.7600000000000	20.6583940377408
94.8000000000000	20.7396391309192
94.8400000000000	20.8204833029965
94.8800000000000	20.9009290757466
94.9200000000000	20.9809464941696
94.9600000000000	21.0605399119858
95	21.1397987159811
95.0400000000000	21.2187969152431
95.0800000000000	21.2975747298881
95.1200000000000	21.3761529227482
95.1600000000000	21.4545424334687
95.2000000000000	21.5327543225158
95.2400000000000	21.6107909845211
95.2800000000000	21.6886486844137
95.3200000000000	21.7663258489462
95.3600000000000	21.8438220360579
95.4000000000000	21.9211373942123
95.4400000000000	21.9982723795613
95.4800000000000	22.0752004857349
95.5200000000000	22.1517688429891
95.5600000000000	22.2280275450912
95.6000000000000	22.3040277516456
95.6400000000000	22.3797924207493
95.6800000000000	22.4553322361565
95.7200000000000	22.5306525035787
95.7600000000000	22.6057561576060
95.8000000000000	22.6806450800831
95.8400000000000	22.7553206809969
95.8800000000000	22.8297723246677
95.9200000000000	22.9039686879803
95.9600000000000	22.9779425998987
96	23.0517135650891
96.0400000000000	23.1252899361223
96.0800000000000	23.1986755675563
96.1200000000000	23.2718724875072
96.1600000000000	23.3448819768612
96.2000000000000	23.4177050076512
96.2400000000000	23.4903424220709
96.2800000000000	23.5627950059601
96.3200000000000	23.6350635191331
96.3600000000000	23.7071399389305
96.4000000000000	23.7789854937869
96.4400000000000	23.8506186452192
96.4800000000000	23.9220536594079
96.5200000000000	23.9932965538398
96.5600000000000	24.0643501440967
96.6000000000000	24.1352159939133
96.6400000000000	24.2058951733068
96.6800000000000	24.2763885549971
96.7200000000000	24.3466969309436
96.7600000000000	24.4168210584180
96.8000000000000	24.4867616783232
96.8400000000000	24.5565195225276
96.8800000000000	24.6260953168256
96.9200000000000	24.6954897821498
96.9600000000000	24.7647036350799
97	24.8337375880673
97.0400000000000	24.9025923495444
97.0800000000000	24.9712686239860
97.1200000000000	25.0397671119518
97.1600000000000	25.1080885101201
97.2000000000000	25.1762335113185
97.2400000000000	25.2442028045527
97.2800000000000	25.3119970750342
97.3200000000000	25.3796170042085
97.3600000000000	25.4470632697812
97.4000000000000	25.5143365457462
97.4400000000000	25.5814375024110
97.4800000000000	25.6483650613649
97.5200000000000	25.7150193827993
97.5600000000000	25.7814001159882
97.6000000000000	25.8475629689659
97.6400000000000	25.9135263506326
97.6800000000000	25.9792967314906
97.7200000000000	26.0448767261673
97.7600000000000	26.1102676931193
97.8000000000000	26.1754705771071
97.8400000000000	26.2404861841065
97.8800000000000	26.3053152716246
97.9200000000000	26.3699585785737
97.9600000000000	26.4344168352261
98	26.4986907665620
98.0400000000000	26.5627810934115
98.0800000000000	26.6266885328554
98.1200000000000	26.6904137983759
98.1600000000000	26.7539575999217
98.2000000000000	26.8173206439436
98.2400000000000	26.8805036334205
98.2800000000000	26.9435072678811
98.3200000000000	27.0063322434251
98.3600000000000	27.0689792527429
98.4000000000000	27.1314489851356
98.4400000000000	27.1937421265349
98.4800000000000	27.2558593595225
98.5200000000000	27.3178013633493
98.5600000000000	27.3795688139550
98.6000000000000	27.4411623839871
98.6400000000000	27.5025827428197
98.6800000000000	27.5638305565728
98.7200000000000	27.6249064881307
98.7600000000000	27.6858111971609
98.8000000000000	27.7465453401324
98.8400000000000	27.8071095703342
98.8800000000000	27.8675045378935
98.9200000000000	27.9277308897939
98.9600000000000	27.9877892698934
99	28.0476803189422
99.0400000000000	28.1074046746008
99.0800000000000	28.1669629714573
99.1200000000000	28.2263558410452
99.1600000000000	28.2855839118607
99.2000000000000	28.3446478093801
99.2400000000000	28.4035481560770
99.2800000000000	28.4622855714392
99.3200000000000	28.5208606719863
99.3600000000000	28.5792740712856
99.4000000000000	28.6375263799698
99.4400000000000	28.6956182057531
99.4800000000000	28.7535501534479
99.5200000000000	28.8113218617805
99.5600000000000	28.8689253155572
99.6000000000000	28.9263542299079
99.6400000000000	28.9836064591269
99.6800000000000	29.0406815559514
99.7200000000000	29.0975797756370
99.7600000000000	29.1543016638647
99.8000000000000	29.2108478855176
99.8400000000000	29.2672191532445
99.8800000000000	29.3234161975366
99.9200000000000	29.3794397541487
99.9600000000000	29.4352905587970
100	29.4909693449237